10  43 3
-4  -1  5  0
-1  -9  -10  0
-5  -3  -8  0
-4  -8  -5  0
2  6  7  0
-9  -1  -10  0
5  -3  -9  0
1  -3  -5  0
7  2  -4  0
-7  3  4  0
-2  1  -9  0
-8  1  3  0
3  6  7  0
-1  -3  -2  0
4  7  -2  0
-8  -7  -3  0
4  3  2  0
-5  -4  1  0
-9  10  -8  0
-6  2  8  0
-7  -8  5  0
-7  -5  3  0
7  9  -10  0
1  -6  -3  0
1  -9  6  0
10  9  4  0
-8  3  7  0
8  7  -3  0
-8  4  9  0
8  -5  4  0
8  10  1  0
-1  -7  8  0
6  2  5  0
6  2  10  0
2  -6  4  0
-3  9  -1  0
9  1  -10  0
10  -5  -8  0
-10  6  1  0
1  7  2  0
-6  3  2  0
-1  -9  8  0
-5  2  -10  0
