1000  4300 3
881  -647  537  0
-739  396  282  0
-43  -487  -52  0
-643  205  796  0
939  -885  -829  0
-361  576  421  0
-193  904  -238  0
-940  902  26  0
-177  -783  257  0
439  942  675  0
-794  714  -977  0
310  -524  523  0
-762  -494  260  0
-578  305  502  0
-805  -630  547  0
729  855  -76  0
-168  -754  667  0
965  -418  93  0
-668  -824  -495  0
286  976  339  0
776  -809  -157  0
395  -120  838  0
412  895  703  0
-472  -479  -19  0
-65  -918  945  0
-682  -47  -590  0
-956  996  316  0
-969  120  222  0
809  938  995  0
-882  131  -976  0
34  61  -359  0
475  182  -67  0
105  -391  986  0
616  -867  -339  0
-830  236  752  0
-415  124  903  0
-473  585  681  0
203  -11  380  0
-874  -126  -568  0
498  -850  -74  0
435  -113  -261  0
-690  542  148  0
-800  -657  752  0
-624  269  526  0
794  177  512  0
-620  -987  819  0
292  -87  455  0
-945  758  946  0
-723  421  908  0
131  -977  369  0
-811  -172  875  0
971  410  -522  0
287  474  -157  0
753  458  491  0
-265  -653  -269  0
743  890  -606  0
-207  555  211  0
-367  799  403  0
869  559  -407  0
33  657  488  0
834  -663  646  0
-318  -109  804  0
-235  572  452  0
-257  -977  984  0
386  -388  800  0
-879  -50  131  0
91  936  -258  0
215  -310  -748  0
911  842  670  0
-514  442  496  0
8  -111  35  0
616  -77  325  0
266  796  918  0
-22  -261  -317  0
-654  827  647  0
48  -267  -905  0
-921  418  407  0
685  930  -196  0
593  379  212  0
-407  812  805  0
-983  -942  919  0
-138  32  678  0
-306  764  -898  0
-752  637  573  0
916  332  -598  0
890  350  -859  0
-216  -821  -218  0
-497  -981  -276  0
-681  -893  -12  0
765  -862  -222  0
-740  6  666  0
4  145  -59  0
825  217  14  0
135  889  -870  0
-147  -85  -563  0
298  -876  929  0
-341  943  997  0
329  -258  299  0
-41  911  -906  0
439  716  450  0
-300  709  -704  0
-363  125  260  0
-442  776  474  0
-615  -612  593  0
233  -271  40  0
661  248  -981  0
-549  736  228  0
565  -795  97  0
706  -314  881  0
-513  -476  -125  0
54  721  822  0
355  -327  -772  0
-94  588  284  0
-977  697  485  0
-144  560  -671  0
112  -780  324  0
649  35  -134  0
84  912  -265  0
-705  21  858  0
-224  -991  491  0
930  -610  -668  0
-956  -723  -845  0
-694  798  527  0
-208  726  594  0
-151  311  279  0
-347  -499  994  0
679  195  -34  0
-214  829  -895  0
771  -106  -532  0
684  855  942  0
-323  552  -191  0
-412  -8  -319  0
327  -117  702  0
-752  -663  234  0
427  -92  846  0
662  -736  -344  0
164  774  -856  0
-303  818  -889  0
-791  -899  477  0
-786  626  791  0
-185  -589  -126  0
964  314  466  0
175  -299  -442  0
-384  -545  -365  0
-584  -719  -906  0
901  -305  51  0
-5  671  -804  0
-895  417  55  0
579  -693  586  0
259  863  -872  0
-176  -933  213  0
829  437  24  0
-322  -321  910  0
-522  -696  641  0
-682  -538  202  0
108  450  798  0
254  505  663  0
-672  -420  116  0
-652  -294  759  0
-196  987  -572  0
-219  -576  -261  0
357  -975  -458  0
164  -44  726  0
-508  909  286  0
-201  97  594  0
-218  -198  776  0
669  199  -655  0
-146  822  360  0
838  -958  372  0
733  718  412  0
-445  835  -924  0
554  -488  155  0
365  -834  -230  0
-735  364  348  0
540  -162  803  0
-547  113  374  0
-242  -569  -572  0
-121  501  -174  0
213  -815  -942  0
370  758  492  0
889  -733  -256  0
636  -149  273  0
543  176  -58  0
92  941  402  0
-683  -952  924  0
788  -686  -56  0
849  -866  155  0
-121  837  323  0
-578  866  277  0
62  -504  857  0
192  807  -944  0
647  -350  -468  0
816  967  -910  0
-48  -745  285  0
-894  -521  -397  0
374  -616  905  0
-968  -290  -854  0
-770  747  -777  0
610  779  -278  0
-704  -452  964  0
51  -774  -681  0
532  -752  -528  0
-738  433  -319  0
17  635  -456  0
-969  709  390  0
68  317  -980  0
-502  95  462  0
-952  -920  -127  0
280  -820  102  0
466  635  -896  0
446  967  -261  0
-672  -626  396  0
-609  392  103  0
826  383  740  0
-404  218  281  0
112  -548  941  0
-463  -408  975  0
449  245  748  0
-657  -752  668  0
395  -915  739  0
-246  100  -469  0
975  388  814  0
-669  -738  -465  0
-199  203  336  0
-85  -167  -662  0
455  -789  475  0
514  427  -915  0
806  -825  -635  0
720  -228  -179  0
-941  -82  -700  0
228  -256  -547  0
374  732  -204  0
-927  -79  58  0
-535  -860  -669  0
391  674  817  0
-36  -15  -318  0
-690  -538  -206  0
-824  418  685  0
-981  512  -849  0
-268  -343  952  0
-914  -720  -827  0
173  -697  -115  0
-95  628  -419  0
-10  521  -459  0
-539  236  396  0
-922  -709  740  0
-248  -746  679  0
215  511  503  0
-799  -121  -631  0
-438  300  -651  0
-76  287  135  0
-566  186  706  0
944  -756  230  0
-950  264  -581  0
113  953  821  0
270  -214  192  0
-442  145  -143  0
-951  -931  349  0
499  903  331  0
-618  -654  112  0
-287  -662  -243  0
440  -691  -429  0
-374  -370  -707  0
-559  -883  -214  0
988  439  471  0
-239  -13  -732  0
-997  593  751  0
287  324  -135  0
-624  -341  -298  0
-796  851  -884  0
198  -191  -81  0
-71  -647  -421  0
840  -87  56  0
-710  465  -8  0
-465  787  375  0
573  524  232  0
-373  -775  28  0
7  516  -771  0
-623  -951  770  0
-152  841  656  0
741  387  510  0
49  287  642  0
-202  -881  -389  0
-265  -953  -752  0
-756  -927  -479  0
-422  227  25  0
-162  -663  659  0
-878  935  999  0
86  982  -458  0
781  515  510  0
225  289  890  0
929  -495  -377  0
-857  866  -433  0
436  221  530  0
-750  8  -24  0
-413  860  121  0
609  375  321  0
850  950  -27  0
432  -539  -267  0
-677  242  326  0
-157  21  -736  0
-812  -679  726  0
787  856  -859  0
-874  50  626  0
-884  248  127  0
-716  84  606  0
825  382  308  0
-922  -917  250  0
625  -410  514  0
144  -975  -311  0
-570  115  -736  0
-20  -584  179  0
373  -515  -166  0
705  985  226  0
-707  816  -140  0
535  -60  441  0
800  459  -568  0
50  -180  630  0
365  715  -819  0
17  -379  -454  0
828  178  -957  0
-383  -741  -258  0
-740  -336  736  0
178  -870  417  0
375  205  216  0
402  73  -492  0
-361  63  -409  0
-996  -741  152  0
-981  411  808  0
-875  -71  -26  0
-448  627  -161  0
-25  -808  -657  0
866  -202  -348  0
-963  -713  671  0
-464  -642  215  0
52  -312  -258  0
96  -466  945  0
-303  -957  -152  0
-451  229  530  0
-695  -547  835  0
820  -646  294  0
410  -921  15  0
-40  520  837  0
-610  -90  26  0
-454  576  539  0
469  -563  -62  0
477  -897  -272  0
394  -395  650  0
551  318  -99  0
406  -498  361  0
-219  -348  -116  0
551  82  -262  0
-684  487  505  0
-806  -903  -348  0
-289  56  587  0
-780  231  667  0
-452  -44  68  0
-586  96  -107  0
-672  470  242  0
178  287  46  0
-648  -366  263  0
777  126  435  0
939  -289  -364  0
830  -176  883  0
-772  890  803  0
-68  -429  -616  0
659  -54  -227  0
-502  53  999  0
-430  -909  129  0
-716  -970  -554  0
57  -256  242  0
-152  -255  -478  0
-347  127  918  0
127  328  368  0
731  866  -936  0
561  331  -525  0
545  -188  -504  0
919  765  -243  0
-724  -864  -492  0
645  425  -299  0
949  -38  -968  0
84  17  202  0
-884  -28  -736  0
-1  -410  -464  0
493  467  -755  0
642  -759  830  0
-455  543  -47  0
-523  885  -72  0
-761  751  -575  0
129  9  -836  0
-621  -59  756  0
-392  203  -919  0
200  347  31  0
-605  -359  525  0
-869  -339  827  0
871  -493  79  0
721  -892  -406  0
-140  -934  -96  0
764  -796  -245  0
365  1000  60  0
-922  517  -990  0
893  704  122  0
819  -586  957  0
170  184  491  0
-72  664  381  0
-1000  295  -918  0
-868  525  -309  0
534  -189  210  0
461  -432  -990  0
-605  71  -826  0
527  -317  990  0
974  -516  -442  0
-443  -137  -84  0
-713  -181  -555  0
626  945  -996  0
255  685  -306  0
214  744  -786  0
-183  -19  -812  0
-704  472  678  0
-321  -540  83  0
277  953  128  0
-693  -432  -452  0
-59  -145  41  0
135  -220  -865  0
-601  122  -557  0
-162  -877  238  0
-373  -649  -579  0
982  -445  -623  0
-172  797  687  0
138  -288  -868  0
221  668  -570  0
180  254  -469  0
39  -766  657  0
56  -465  773  0
599  -183  127  0
-263  81  169  0
-74  432  -813  0
-487  -756  -126  0
-288  -285  -552  0
-873  52  760  0
221  631  -550  0
-812  -310  -242  0
-328  -141  -278  0
-792  441  41  0
51  983  -547  0
-993  -150  -613  0
352  564  -483  0
123  389  -989  0
-52  830  -364  0
680  -189  46  0
-241  634  -130  0
-720  -401  -297  0
731  -349  -736  0
6  -452  8  0
927  -875  911  0
309  344  -112  0
-326  610  -426  0
843  -699  978  0
546  118  856  0
-397  -455  262  0
653  914  -500  0
480  848  130  0
-304  679  672  0
-765  984  -907  0
-847  425  -46  0
199  -727  -716  0
-350  -281  -804  0
394  851  -540  0
-267  -334  -282  0
339  754  558  0
-835  -603  155  0
628  -96  832  0
-532  899  142  0
-51  909  -248  0
-913  20  -577  0
-688  668  -529  0
-725  430  198  0
-887  -454  849  0
-753  39  177  0
-584  104  -805  0
75  296  983  0
-28  919  -18  0
68  -848  -550  0
185  -922  415  0
-762  873  -367  0
181  -79  -468  0
709  -685  410  0
600  553  -718  0
-568  -757  309  0
483  682  -439  0
-923  847  -668  0
-513  -668  392  0
304  -813  880  0
410  -179  -943  0
205  -615  -377  0
354  -131  -917  0
614  -715  -891  0
-150  -794  -375  0
-970  376  325  0
514  -584  -824  0
-311  -847  -247  0
919  -867  433  0
273  872  -788  0
958  9  -279  0
-674  546  -261  0
-954  678  -774  0
-739  232  -328  0
-196  -416  272  0
338  921  900  0
-655  -872  -286  0
-232  -974  399  0
-772  -199  -428  0
-553  -778  306  0
289  -84  151  0
-483  866  -897  0
-399  692  844  0
-35  423  624  0
-461  -88  -231  0
-211  -956  -462  0
-966  -994  40  0
990  -149  813  0
-228  853  913  0
39  -330  -785  0
-942  -726  -9  0
-754  -122  -194  0
539  503  710  0
-123  461  -815  0
425  -169  362  0
3  -954  -383  0
-538  -374  -8  0
217  -318  51  0
299  -499  -919  0
-452  -121  -674  0
211  -463  980  0
-342  563  514  0
839  691  814  0
8  646  -632  0
-487  -231  -401  0
-479  -206  335  0
-629  852  354  0
950  -48  -406  0
954  -977  415  0
-315  -858  866  0
-912  -799  -376  0
-509  519  964  0
-550  99  -996  0
-173  342  483  0
-677  -525  -828  0
933  858  23  0
425  166  -174  0
-879  -970  -171  0
618  -303  -364  0
-76  507  512  0
762  -604  947  0
-188  256  -232  0
730  -854  811  0
338  -535  606  0
-24  -772  102  0
-132  -947  -454  0
993  -344  476  0
596  -856  -965  0
-814  70  -553  0
229  659  751  0
38  473  696  0
928  222  337  0
-795  -524  -700  0
-183  281  -516  0
-169  249  -378  0
394  -292  941  0
-200  -806  -739  0
33  777  358  0
92  -168  162  0
-995  -880  -189  0
181  -495  428  0
358  45  849  0
-579  275  -391  0
116  -466  -982  0
923  513  -194  0
-965  -325  -741  0
-238  -655  643  0
767  246  257  0
-199  -826  -318  0
-728  656  -603  0
-395  -279  885  0
259  -342  63  0
-370  -928  -388  0
556  544  348  0
-886  115  788  0
70  -668  690  0
-55  -680  -474  0
814  457  899  0
-15  239  953  0
249  184  -6  0
-608  611  735  0
-761  468  324  0
60  -86  -731  0
363  38  105  0
-53  -780  953  0
-140  953  -163  0
464  -410  438  0
221  151  438  0
98  415  698  0
36  489  -655  0
998  332  580  0
-326  -971  105  0
927  -857  499  0
-677  -593  -779  0
-622  -24  457  0
-22  452  364  0
-844  -647  194  0
-101  -348  36  0
115  -547  970  0
-202  -261  -878  0
272  -286  -125  0
-722  -773  -601  0
-796  250  273  0
-834  -265  766  0
-799  773  -680  0
-296  841  980  0
-902  -855  -699  0
-301  -130  238  0
799  -916  917  0
-944  -681  731  0
606  729  751  0
649  67  582  0
-267  -909  -979  0
816  -889  650  0
-716  -205  228  0
530  -161  302  0
175  823  -319  0
-344  -944  -701  0
433  272  -254  0
94  113  -130  0
806  -399  -508  0
-880  897  -456  0
-288  602  -793  0
-999  92  362  0
98  581  698  0
-994  -428  -524  0
-565  -967  -848  0
97  814  -999  0
842  -904  -899  0
-61  627  437  0
340  -977  371  0
-220  302  336  0
831  -591  251  0
107  957  -949  0
-552  -601  988  0
-630  348  167  0
-519  -587  404  0
783  809  -377  0
345  -315  -918  0
-904  346  584  0
-785  -201  -381  0
-679  854  -334  0
-117  367  836  0
-274  -329  891  0
-940  429  22  0
341  -974  768  0
-972  494  14  0
-988  -457  -613  0
997  -391  607  0
-188  667  -874  0
-468  814  927  0
950  -677  -438  0
-839  -469  691  0
184  918  401  0
-236  500  697  0
-488  -595  -274  0
390  -536  -162  0
317  907  -247  0
928  899  -770  0
962  872  341  0
-717  14  1000  0
-805  -635  535  0
-950  720  -883  0
32  -360  390  0
-176  -541  503  0
-394  -550  279  0
-387  -913  228  0
-125  89  93  0
329  99  -136  0
435  -938  39  0
856  -304  -915  0
452  -818  129  0
-18  -532  -493  0
794  -408  -714  0
-428  38  983  0
992  609  -295  0
-390  -477  574  0
197  884  -530  0
-79  -955  -958  0
142  -455  465  0
601  953  -622  0
478  -678  947  0
-443  -778  2  0
608  -893  696  0
421  565  300  0
-164  140  -726  0
-299  -320  214  0
-237  1000  70  0
136  -886  -613  0
-145  802  692  0
822  -641  -939  0
-631  343  822  0
554  -679  621  0
176  432  523  0
125  181  -41  0
422  809  845  0
691  -625  -281  0
-605  967  -687  0
809  155  -45  0
-350  510  -722  0
747  -816  -758  0
301  -392  -3  0
198  -856  -397  0
-304  965  808  0
-120  -412  641  0
95  -903  702  0
146  -932  776  0
-231  -163  -696  0
682  668  -939  0
-819  460  451  0
57  -799  -592  0
-391  453  769  0
-381  -877  -983  0
686  595  68  0
-800  -485  39  0
396  803  821  0
-727  -988  -37  0
-883  66  805  0
-966  432  -977  0
-786  468  192  0
-849  24  -514  0
-67  690  153  0
-526  -518  442  0
27  631  -245  0
701  211  -58  0
514  243  904  0
58  483  956  0
-815  -870  -158  0
-296  993  -476  0
-913  -581  -512  0
-497  -11  -2  0
-127  118  767  0
-655  -302  -514  0
273  293  395  0
145  -390  338  0
-716  117  -563  0
273  172  256  0
449  -693  -283  0
19  -907  -97  0
-237  -163  -509  0
99  -813  886  0
924  3  51  0
-107  -314  515  0
-907  184  367  0
850  539  800  0
-457  714  420  0
411  -604  367  0
643  -791  636  0
-613  -888  500  0
526  -605  47  0
-431  947  930  0
-660  -860  148  0
-129  269  753  0
-488  130  -958  0
-772  491  422  0
-910  -339  461  0
13  -143  504  0
-414  406  643  0
-284  182  772  0
-271  211  -577  0
946  139  114  0
-524  -463  108  0
-424  -688  111  0
317  780  -384  0
-3  -50  -678  0
719  -15  969  0
-287  -899  -66  0
-74  187  -865  0
-346  794  910  0
869  -166  121  0
347  -540  224  0
-26  -281  600  0
-849  -788  -906  0
-880  -348  -128  0
-19  904  -430  0
715  -377  490  0
406  230  675  0
-495  -110  615  0
474  315  180  0
-883  672  -444  0
578  -534  -662  0
711  -112  -400  0
-659  642  -144  0
-693  676  52  0
-258  716  997  0
-38  -436  729  0
-87  -622  -369  0
516  309  4  0
-425  657  -965  0
870  -441  714  0
-512  822  678  0
-942  -982  -868  0
-609  -78  -679  0
44  -405  -463  0
-334  -663  -534  0
413  510  -451  0
-846  865  475  0
-559  -765  957  0
178  222  -276  0
-437  -645  -369  0
-936  768  -601  0
57  -136  554  0
-374  28  -583  0
-355  -926  -539  0
-696  -381  -329  0
243  720  287  0
529  811  -790  0
-961  889  -611  0
113  542  89  0
804  -345  532  0
894  295  508  0
-606  -894  70  0
-898  -441  499  0
-124  -372  -948  0
223  -909  914  0
-389  271  782  0
345  -421  -32  0
-137  771  -230  0
587  -689  74  0
642  351  -523  0
-255  -297  673  0
997  656  108  0
-726  603  442  0
390  -864  -452  0
400  -532  -627  0
215  876  656  0
945  250  235  0
651  -754  890  0
254  -511  516  0
53  623  -605  0
500  798  696  0
170  -84  933  0
210  -168  150  0
-765  871  514  0
532  -793  -440  0
-320  661  54  0
422  121  -372  0
-498  -693  -1  0
-743  -352  327  0
-917  -673  -251  0
-172  -155  -598  0
-356  -50  627  0
-512  -498  46  0
336  181  -852  0
-585  -393  -178  0
-849  -222  -478  0
-677  -471  -645  0
-729  -432  -517  0
-147  -571  -730  0
259  -368  270  0
-461  524  -696  0
-316  -700  758  0
174  -966  -342  0
-586  -16  114  0
-208  -123  -490  0
-864  851  -818  0
-690  -524  -778  0
301  -541  855  0
664  -200  196  0
-609  -207  452  0
-991  451  -897  0
429  168  954  0
399  343  -962  0
801  252  -200  0
-457  -499  -480  0
726  -1000  83  0
675  -498  771  0
282  631  394  0
666  -595  90  0
573  -538  121  0
98  -901  925  0
781  245  440  0
-747  680  53  0
557  -113  -787  0
666  257  751  0
-445  -232  251  0
-582  -754  382  0
-849  -303  255  0
-950  -420  -313  0
181  -5  29  0
-16  -298  -965  0
94  -785  -598  0
618  -326  -549  0
-337  474  283  0
-476  -696  -349  0
658  -423  526  0
-973  880  943  0
420  847  794  0
565  833  -352  0
254  755  312  0
27  323  338  0
709  996  479  0
-636  851  -680  0
102  -873  -263  0
903  982  -37  0
424  -366  805  0
-468  755  638  0
380  48  586  0
427  212  414  0
178  354  -673  0
-156  -558  -192  0
-670  -106  383  0
-127  838  857  0
195  -973  -987  0
994  -891  112  0
850  542  -238  0
-124  -382  772  0
-177  332  494  0
-844  -511  818  0
-843  -108  -721  0
982  -463  899  0
298  -810  -232  0
-147  -17  -774  0
-383  -592  748  0
368  -321  882  0
35  473  -855  0
-578  927  654  0
-620  683  694  0
781  -54  169  0
742  -256  -115  0
622  -387  -123  0
380  364  234  0
133  659  80  0
260  632  -265  0
990  -596  -966  0
944  694  995  0
774  -212  -504  0
-906  168  -75  0
5  824  886  0
55  982  34  0
313  -87  -257  0
792  575  586  0
76  439  35  0
449  542  330  0
-95  111  971  0
-433  -726  802  0
-605  992  596  0
-655  856  -631  0
-413  600  -606  0
165  843  -5  0
883  -481  -210  0
-579  -21  -533  0
-232  -44  125  0
434  -776  -171  0
-509  -279  -29  0
-910  795  -564  0
-417  915  216  0
67  983  -871  0
565  -855  -675  0
110  -387  461  0
602  -88  -294  0
-40  781  -826  0
-996  612  -440  0
916  -446  -606  0
-947  684  -618  0
48  694  7  0
-497  866  58  0
-915  77  710  0
445  95  594  0
710  682  -379  0
581  -551  -419  0
-873  -536  917  0
-267  -794  51  0
-890  -20  521  0
969  104  529  0
130  -929  237  0
-426  216  93  0
225  301  -589  0
-825  -461  -918  0
-426  82  901  0
-878  185  -992  0
510  -136  -850  0
399  288  883  0
-334  4  -807  0
610  -512  -685  0
-550  556  12  0
-788  -492  8  0
-473  190  -244  0
-63  -446  598  0
-774  -933  -219  0
928  -311  -600  0
-466  265  322  0
817  -869  -57  0
-887  940  63  0
-603  862  -109  0
-711  -845  -143  0
415  226  192  0
-275  321  607  0
-954  312  600  0
944  -377  -353  0
320  -404  820  0
58  -958  -858  0
225  -289  -278  0
-185  -797  -914  0
486  123  895  0
-863  -769  -812  0
452  -322  -621  0
-604  -591  649  0
473  818  993  0
265  912  150  0
540  -107  -3  0
3  -326  -128  0
181  814  -41  0
-646  -606  196  0
-29  305  -547  0
-966  -282  -398  0
905  -994  -465  0
89  -883  698  0
724  -706  767  0
691  -575  81  0
-835  180  176  0
-489  -205  585  0
-718  -198  -28  0
759  -647  406  0
-740  -89  187  0
-231  529  -319  0
548  -387  406  0
613  950  538  0
-719  -331  -520  0
616  728  871  0
538  425  865  0
-504  336  -716  0
-497  274  133  0
557  -132  -809  0
-911  -226  -128  0
484  -390  609  0
-191  -396  81  0
739  444  788  0
-619  350  107  0
-298  560  1000  0
-179  -243  154  0
476  -979  886  0
275  -606  -674  0
-495  220  -340  0
-38  -653  14  0
27  -676  832  0
-121  820  403  0
815  726  -337  0
-409  878  -750  0
-458  -618  129  0
-619  -294  625  0
-504  201  526  0
394  447  974  0
-774  -371  6  0
589  -641  -846  0
-803  257  934  0
-516  -909  -306  0
714  521  -782  0
445  -19  -48  0
627  -174  -483  0
-257  -39  -527  0
-873  762  -609  0
445  -575  -844  0
61  580  -816  0
-86  578  317  0
-35  -244  -127  0
312  -836  786  0
106  600  425  0
-417  373  724  0
98  -354  339  0
482  -465  580  0
-99  -730  311  0
300  501  8  0
-118  -332  -680  0
-272  351  918  0
94  798  833  0
743  693  454  0
560  656  -842  0
-18  175  -643  0
592  -423  830  0
723  23  -507  0
155  342  307  0
-113  -738  454  0
77  -430  -740  0
171  283  -262  0
-907  -866  -853  0
-370  -881  429  0
726  522  -817  0
360  225  -648  0
-974  47  492  0
-993  -103  330  0
-572  592  131  0
-588  295  193  0
-240  -954  -787  0
941  797  417  0
-263  245  326  0
-227  -317  -550  0
114  539  309  0
204  223  -420  0
538  400  -602  0
-630  47  500  0
-293  -59  189  0
-599  50  -501  0
-615  772  928  0
-1000  343  -494  0
953  189  -451  0
-310  349  317  0
86  427  151  0
-577  -685  318  0
-264  732  337  0
-130  816  -496  0
-784  -994  -921  0
-258  128  277  0
158  -86  -992  0
-335  -683  -537  0
720  901  -244  0
863  -290  163  0
-501  368  -681  0
-221  -127  -1  0
-584  677  -864  0
981  -370  -623  0
-114  602  -63  0
-198  322  -981  0
907  -533  -124  0
153  299  -836  0
-70  -659  -575  0
-806  694  -823  0
-333  -628  -151  0
95  212  46  0
259  575  -809  0
228  902  -894  0
-308  981  448  0
-153  -341  20  0
92  616  966  0
326  -743  -859  0
328  -843  347  0
653  -428  -401  0
212  717  -475  0
306  -976  -469  0
462  -974  -653  0
379  -310  437  0
712  -698  -483  0
-989  126  -848  0
478  -92  -769  0
515  878  774  0
-763  494  605  0
399  314  122  0
118  759  -195  0
-61  905  -917  0
-774  550  -693  0
-657  -222  263  0
-923  665  352  0
655  -267  -936  0
-297  -442  -448  0
-347  -866  -174  0
630  -866  -116  0
-429  628  -274  0
-751  -630  -352  0
-9  666  -468  0
-544  -140  -594  0
356  705  506  0
-645  -248  546  0
-643  338  -37  0
148  684  522  0
475  336  -315  0
198  302  194  0
919  -795  921  0
24  607  145  0
-316  593  -52  0
761  -292  -37  0
456  766  682  0
-814  -294  348  0
-940  417  722  0
712  -131  465  0
-987  -449  -78  0
987  -639  824  0
288  -314  458  0
686  528  -813  0
-539  -282  81  0
32  889  937  0
579  -161  281  0
-768  -518  626  0
-386  -130  866  0
-721  736  -414  0
-137  725  -275  0
140  -157  293  0
-257  -183  -90  0
832  -404  -111  0
-123  -955  -792  0
-149  999  66  0
-660  -659  -151  0
80  243  -258  0
972  -247  -865  0
436  961  254  0
-120  -251  -492  0
744  618  -748  0
867  36  -93  0
-629  -793  345  0
-443  542  -187  0
-40  -358  -592  0
634  806  -122  0
363  316  -634  0
-229  338  -451  0
-452  -798  391  0
-29  174  -585  0
15  -609  -136  0
-751  659  -813  0
-45  962  -593  0
-475  439  -271  0
-949  858  631  0
931  233  917  0
-824  74  -274  0
529  -560  -464  0
-355  892  -526  0
193  787  734  0
-949  583  727  0
675  -296  -745  0
652  279  639  0
314  241  -815  0
-227  -578  919  0
653  -278  -718  0
986  46  -146  0
974  -651  693  0
206  781  -523  0
284  -712  930  0
-977  458  -497  0
-80  -825  769  0
-578  85  -297  0
202  420  -852  0
-231  -589  -38  0
-542  553  -661  0
-258  -979  36  0
59  821  159  0
949  148  -411  0
-469  383  -200  0
-466  342  -232  0
790  211  160  0
-525  363  -196  0
695  -77  -2  0
123  -639  19  0
-200  636  -671  0
-898  19  798  0
-593  -496  -32  0
267  -125  91  0
-98  -188  623  0
602  685  -198  0
-69  875  -387  0
825  -289  227  0
-285  -551  753  0
875  -178  -57  0
-682  -686  614  0
-614  756  -241  0
-654  -736  235  0
-743  -845  375  0
-893  763  246  0
406  -233  610  0
468  100  466  0
-705  293  43  0
-724  -697  634  0
-517  -184  -743  0
327  849  227  0
694  869  -145  0
447  222  975  0
-512  -834  609  0
258  -423  -681  0
204  584  925  0
532  27  -920  0
-402  -786  938  0
807  -401  -373  0
-492  812  526  0
-988  779  -926  0
60  -858  -774  0
340  -277  -547  0
-747  329  601  0
610  -826  624  0
930  -596  -227  0
395  742  563  0
-171  970  396  0
-655  -664  -701  0
284  103  275  0
-758  -824  -979  0
191  868  891  0
-290  -479  108  0
410  -576  -176  0
-473  223  -956  0
-687  -127  386  0
145  -189  713  0
54  49  -507  0
-700  510  230  0
993  989  135  0
843  -454  900  0
663  478  584  0
285  -784  288  0
-199  404  -713  0
-374  -147  238  0
-58  21  -893  0
289  963  -278  0
-886  642  -185  0
85  -130  77  0
-927  210  166  0
-587  418  145  0
-652  878  -171  0
952  207  826  0
262  -953  -165  0
-589  -404  174  0
-878  411  705  0
549  -187  -469  0
-332  481  364  0
155  214  -991  0
-16  -928  160  0
849  699  -388  0
653  831  -22  0
398  415  768  0
-805  -288  -201  0
947  -95  -942  0
-872  59  553  0
-386  -223  260  0
202  82  881  0
-44  -944  -670  0
-886  -706  306  0
-459  -774  -452  0
-826  -361  -562  0
-318  -732  512  0
-716  -791  647  0
-103  821  153  0
-858  -938  114  0
-973  826  870  0
457  -326  -320  0
301  808  556  0
-502  960  146  0
-456  -88  -144  0
-915  -856  521  0
-526  -71  -405  0
626  24  -395  0
919  171  191  0
-122  -60  268  0
862  -650  -735  0
117  -511  949  0
649  797  82  0
-907  -919  136  0
644  843  -849  0
635  213  149  0
970  204  460  0
-216  -728  -159  0
466  -989  693  0
-106  200  -666  0
-429  250  -980  0
967  465  788  0
-8  -939  803  0
605  113  -797  0
-37  -187  -164  0
-380  -551  -387  0
-705  758  800  0
725  -470  267  0
-909  -123  -996  0
568  334  -211  0
-530  608  551  0
-615  173  444  0
-592  -617  -158  0
-793  684  -373  0
-706  991  177  0
727  -9  -204  0
-608  486  174  0
532  -570  876  0
970  490  832  0
232  884  -162  0
-439  161  -565  0
-692  235  -767  0
437  831  -610  0
-461  -672  878  0
-371  -303  -258  0
937  -162  -795  0
-996  599  -98  0
813  -466  395  0
440  -851  469  0
-64  -432  -555  0
921  875  752  0
303  -71  474  0
-445  666  604  0
-124  380  -322  0
770  348  341  0
-371  194  -14  0
-668  -689  -275  0
-800  -539  628  0
419  -727  -587  0
925  -376  714  0
579  371  525  0
539  216  789  0
-143  87  -927  0
-878  -248  -479  0
459  164  -265  0
522  783  554  0
924  281  -484  0
214  -322  779  0
806  -425  470  0
-248  518  349  0
-210  139  -554  0
3  -426  577  0
934  659  548  0
486  576  -801  0
390  -402  21  0
184  -113  927  0
789  708  35  0
405  -680  -962  0
606  -958  -268  0
-268  647  -56  0
616  -257  221  0
880  -310  -627  0
847  501  -515  0
-495  -289  178  0
511  789  135  0
609  -92  438  0
-141  -357  -74  0
-762  -434  305  0
390  257  574  0
119  199  -231  0
935  -303  295  0
871  -692  596  0
538  -29  588  0
-776  -502  553  0
-711  908  -645  0
879  224  -108  0
931  -278  369  0
849  -926  944  0
854  395  234  0
943  -46  -430  0
-993  -624  -80  0
-152  -868  252  0
234  -473  -273  0
370  984  691  0
454  -708  -934  0
720  230  967  0
-941  -56  782  0
-793  959  863  0
286  -380  846  0
-332  502  -455  0
-66  865  974  0
-123  -646  -318  0
-341  -851  -344  0
750  -837  915  0
-341  -18  -318  0
356  -624  -955  0
-800  -669  500  0
-700  204  -60  0
992  -794  -819  0
273  -734  -715  0
579  -101  -436  0
941  640  -156  0
-802  182  402  0
578  -763  -740  0
-541  875  -13  0
-27  -706  -7  0
-43  -704  -442  0
-853  -642  -420  0
99  -351  664  0
-293  22  -296  0
-412  -847  997  0
114  -709  413  0
408  -91  323  0
-502  868  402  0
-300  122  689  0
96  179  -814  0
-308  -399  -289  0
376  -656  -122  0
605  -906  -148  0
14  -495  909  0
-646  66  -4  0
959  833  -12  0
198  -368  -16  0
414  850  -363  0
-982  -842  -365  0
-524  283  -919  0
-357  802  -733  0
-772  391  161  0
-611  239  494  0
217  211  135  0
965  -737  501  0
499  351  112  0
746  621  102  0
-574  689  -533  0
927  -66  -483  0
316  715  -389  0
-117  -336  -861  0
-482  -365  -492  0
905  -178  -653  0
-183  812  -820  0
-422  -555  -483  0
550  678  -31  0
282  778  -14  0
-964  -549  -730  0
-589  23  -595  0
13  -923  691  0
30  356  912  0
-884  437  -563  0
13  -996  931  0
-243  -452  -74  0
116  549  -237  0
-222  285  668  0
261  -888  -458  0
216  -937  -525  0
-14  185  119  0
-785  272  -276  0
487  -361  443  0
987  -28  342  0
-224  -505  -245  0
620  655  525  0
442  -103  128  0
-248  759  81  0
-762  22  389  0
552  -145  262  0
737  520  -131  0
95  -295  473  0
-396  -678  518  0
-827  -55  -863  0
-432  132  172  0
-322  94  -33  0
-290  665  626  0
-966  275  -284  0
-835  -508  174  0
-940  417  175  0
369  345  -267  0
-350  429  201  0
-489  31  185  0
857  574  47  0
204  -573  416  0
-207  -298  220  0
780  -991  -452  0
-287  -775  -523  0
374  484  -596  0
449  -289  -755  0
238  564  -251  0
134  517  -908  0
-811  540  66  0
-237  20  -239  0
934  222  -769  0
-927  -23  -716  0
348  981  260  0
-595  901  537  0
623  641  -823  0
126  -620  782  0
-566  -383  -658  0
-717  -345  -164  0
-22  -808  50  0
613  42  65  0
568  -207  -976  0
-225  52  -836  0
132  -463  -325  0
-590  -386  -593  0
634  -53  722  0
648  -242  -410  0
-352  -400  -642  0
-69  -514  143  0
181  -760  -465  0
347  -875  -177  0
882  -983  14  0
121  103  -992  0
-734  380  -322  0
-986  -920  -926  0
872  -781  565  0
-800  903  329  0
588  234  -960  0
-411  375  584  0
503  -210  189  0
-209  767  610  0
-992  925  622  0
394  350  96  0
-163  851  -778  0
-852  -221  822  0
796  -21  148  0
-423  736  150  0
696  -795  33  0
-719  778  195  0
-19  -625  894  0
132  -883  -183  0
-699  9  -923  0
-956  -249  248  0
-591  160  -988  0
564  479  -399  0
552  463  -840  0
-422  -349  -200  0
713  687  36  0
-541  -817  -915  0
221  552  -288  0
-890  -578  143  0
41  669  -195  0
-35  107  -411  0
948  -745  51  0
581  628  719  0
814  -304  -456  0
-271  70  492  0
115  214  -92  0
216  -885  -306  0
-942  804  242  0
-121  716  577  0
543  -146  -639  0
-589  404  -435  0
-590  120  854  0
663  900  -211  0
-337  -47  -359  0
9  -628  -677  0
-348  -648  -332  0
680  475  388  0
742  254  -732  0
-521  127  466  0
778  -310  -969  0
-367  369  991  0
95  -87  710  0
741  -956  585  0
-405  263  140  0
580  557  54  0
-121  -946  617  0
-971  -99  -509  0
-151  367  240  0
-239  -522  464  0
-545  -534  948  0
373  -197  559  0
762  907  -263  0
684  -261  -537  0
-134  3  -45  0
558  -150  -902  0
-296  356  -865  0
983  581  -892  0
714  185  -300  0
576  -696  -504  0
150  950  -809  0
-56  420  -15  0
-92  59  -925  0
-670  -483  -284  0
-762  -702  96  0
975  759  294  0
-857  -518  142  0
937  -486  518  0
-244  -585  -845  0
-129  -834  216  0
-439  385  926  0
-377  29  -922  0
-989  -502  -303  0
892  -472  422  0
-275  -561  26  0
-747  887  -791  0
277  -762  111  0
-967  -891  286  0
-470  -164  261  0
762  527  -558  0
159  -757  553  0
944  270  558  0
-398  -3  151  0
-9  -715  80  0
436  -15  -947  0
872  -60  -213  0
658  298  -787  0
2  -784  94  0
461  398  -696  0
-550  982  -33  0
199  -645  -154  0
732  361  617  0
-515  -386  -115  0
-105  73  -165  0
-145  165  48  0
751  -977  -39  0
995  -918  -892  0
772  651  578  0
110  311  -640  0
-388  -139  693  0
493  96  798  0
-225  600  -253  0
-226  -574  -530  0
-86  156  599  0
379  -15  299  0
-953  622  967  0
690  -454  -764  0
688  -463  -265  0
-123  -473  -282  0
580  451  -242  0
-642  523  -57  0
-569  561  898  0
754  -557  228  0
121  547  734  0
-133  -329  -314  0
357  643  45  0
-576  247  -677  0
-819  8  -642  0
312  496  941  0
678  -196  46  0
222  622  -17  0
318  -303  757  0
239  -649  219  0
-944  -516  -448  0
-336  293  290  0
368  -868  915  0
-84  11  -373  0
40  -699  -964  0
-202  849  -470  0
627  -951  71  0
441  238  354  0
657  517  32  0
-694  -306  -77  0
-236  -977  821  0
-304  -194  61  0
236  -921  118  0
-646  -644  691  0
625  544  202  0
785  992  -843  0
504  -494  -713  0
44  -556  192  0
788  168  -891  0
276  -183  940  0
899  -163  705  0
-440  172  -863  0
-378  775  262  0
285  670  583  0
-235  35  414  0
-106  117  -671  0
999  -213  -140  0
362  -775  977  0
-882  197  -734  0
-820  -969  -873  0
335  920  740  0
-919  350  -312  0
-271  849  -548  0
-643  -642  5  0
-150  52  473  0
-433  455  692  0
-365  -631  918  0
-390  -280  -124  0
70  -544  -976  0
-193  -235  -163  0
-803  58  770  0
-107  817  -323  0
-67  954  124  0
516  291  629  0
-545  760  361  0
483  591  -141  0
650  294  -570  0
-53  -855  -45  0
57  -940  449  0
471  -134  843  0
-618  -732  -452  0
-895  674  -939  0
-970  -550  26  0
220  493  874  0
-948  159  602  0
-777  195  898  0
346  104  802  0
-77  90  -923  0
-441  -648  -480  0
264  288  939  0
385  780  267  0
-195  -861  244  0
143  713  -836  0
-542  733  -739  0
-138  -480  837  0
527  -480  -38  0
950  252  48  0
993  -436  812  0
563  705  -378  0
-464  369  838  0
843  378  571  0
-391  634  680  0
-799  -626  113  0
599  -28  -285  0
155  -210  981  0
109  545  206  0
-56  583  601  0
969  -436  260  0
-153  629  969  0
-419  -514  -99  0
-802  16  -922  0
478  -996  778  0
645  -389  -188  0
-726  718  635  0
-467  -116  272  0
-669  105  -302  0
763  -372  -778  0
291  226  885  0
-790  669  99  0
889  -995  716  0
130  777  926  0
907  -699  268  0
717  -940  718  0
271  -425  247  0
-502  -808  -866  0
514  -958  709  0
-984  841  16  0
556  -188  999  0
771  954  -758  0
-182  -990  -919  0
-44  475  -859  0
-694  -423  -696  0
296  -945  -131  0
48  140  775  0
365  275  615  0
604  -950  757  0
-861  -820  -377  0
-763  -435  696  0
-3  130  -493  0
-567  281  -685  0
-372  609  -445  0
597  338  -679  0
-400  588  68  0
-909  536  -785  0
455  -275  -102  0
-362  -693  -529  0
-709  -239  -513  0
894  679  888  0
-163  -479  -470  0
459  264  -456  0
-272  325  773  0
297  -991  -119  0
378  502  198  0
-65  -466  57  0
-411  -381  95  0
970  862  699  0
941  585  -538  0
-239  41  35  0
659  -210  826  0
330  260  804  0
509  80  -343  0
-244  243  -134  0
-338  -620  605  0
698  -213  -768  0
298  -923  762  0
-995  41  -763  0
309  -285  865  0
996  104  619  0
-896  -478  660  0
-800  -904  -404  0
546  812  101  0
487  36  186  0
-689  -218  -646  0
482  490  304  0
-503  -946  -116  0
-722  52  430  0
-905  -949  505  0
776  969  866  0
292  -613  957  0
-26  -240  515  0
429  58  -978  0
149  86  -175  0
982  -863  -415  0
960  -343  717  0
-836  688  102  0
-762  609  -496  0
117  630  -979  0
-334  916  552  0
-110  253  828  0
-165  -873  -905  0
670  -486  -898  0
400  -529  -651  0
-240  -334  -981  0
-728  -869  -271  0
957  101  -67  0
226  -679  363  0
-228  234  899  0
-420  -43  965  0
-535  -974  -97  0
352  -162  737  0
-141  -723  -553  0
-76  -936  567  0
943  -520  88  0
683  557  827  0
-939  49  551  0
-645  -76  -797  0
386  -913  -167  0
694  -615  257  0
-201  -294  154  0
-492  -108  66  0
-653  469  158  0
717  294  444  0
-881  -528  754  0
-750  -23  -880  0
26  578  -83  0
933  386  742  0
-913  910  -846  0
489  -934  721  0
-756  -611  -208  0
155  446  977  0
162  -899  -406  0
951  355  290  0
-810  -301  534  0
618  846  -264  0
36  755  -636  0
-820  -709  736  0
-442  304  -383  0
449  66  -764  0
-323  -635  298  0
65  -624  254  0
-43  -257  362  0
348  -199  940  0
-5  955  626  0
-242  -3  651  0
619  235  -881  0
-203  -908  466  0
526  874  -221  0
-935  799  852  0
618  -427  243  0
724  -648  64  0
576  -164  -662  0
-772  710  -932  0
986  578  -872  0
-409  -920  573  0
-126  499  335  0
248  -533  -267  0
-360  -755  862  0
-811  1  577  0
-73  -81  419  0
-278  -367  600  0
425  155  -186  0
726  905  926  0
798  -478  -415  0
-134  301  -617  0
709  12  175  0
744  326  -578  0
-114  473  79  0
833  276  577  0
26  808  -346  0
-860  414  -158  0
329  -731  -61  0
874  -377  903  0
223  108  -790  0
-791  215  898  0
404  341  -186  0
996  972  490  0
-126  -518  256  0
-513  -754  604  0
176  267  -31  0
-196  -819  172  0
834  -11  986  0
-82  -849  -931  0
450  746  -60  0
159  196  615  0
530  -75  318  0
562  -316  112  0
-206  -404  157  0
-569  289  -530  0
-152  -201  2  0
497  749  -639  0
314  -368  289  0
698  -899  935  0
768  -133  239  0
991  -934  231  0
-964  742  141  0
-969  135  94  0
232  519  158  0
-547  939  736  0
-176  202  -160  0
-748  -999  -473  0
219  134  -382  0
666  989  607  0
-55  87  -355  0
-800  673  -722  0
-38  -973  -751  0
-373  32  787  0
423  74  217  0
-515  529  -444  0
-426  969  378  0
649  -218  -389  0
316  767  -901  0
417  -753  712  0
-595  -300  635  0
403  689  569  0
-130  536  131  0
-410  -758  621  0
654  -826  -928  0
514  210  217  0
-417  -570  755  0
-833  -491  945  0
439  -381  -1  0
895  183  18  0
330  682  -26  0
201  822  -550  0
-52  269  -817  0
877  -274  -264  0
360  -688  172  0
-43  152  -209  0
-632  961  327  0
361  -923  662  0
739  952  176  0
-196  -218  371  0
752  -160  446  0
-912  -881  168  0
383  70  792  0
110  268  -324  0
719  988  -837  0
554  127  290  0
826  626  300  0
161  28  471  0
-934  921  -240  0
-415  -19  -297  0
-486  -734  114  0
-839  890  -299  0
303  565  833  0
-679  -632  180  0
582  -439  66  0
961  -41  -820  0
-59  594  -151  0
-426  -422  -826  0
-107  8  -235  0
844  958  -838  0
-210  -243  193  0
307  258  418  0
485  -57  492  0
-150  110  -460  0
870  320  219  0
529  -410  885  0
762  -967  -506  0
-288  -458  -211  0
-583  -974  -330  0
-825  847  457  0
-496  -597  -548  0
931  560  334  0
-457  -290  291  0
754  796  555  0
938  359  -334  0
668  486  782  0
-361  -678  840  0
170  -13  213  0
-808  156  300  0
-98  -834  461  0
-58  417  233  0
-885  -719  144  0
-193  -485  -392  0
826  -876  391  0
165  972  -472  0
-317  -920  649  0
839  -697  893  0
-529  739  -156  0
-271  -1  -952  0
286  -535  452  0
-555  201  -78  0
-740  -765  -492  0
62  778  -924  0
-46  967  -621  0
592  984  -29  0
-310  235  262  0
473  391  -87  0
1000  -82  717  0
344  -62  -844  0
994  -174  -36  0
-380  591  -160  0
469  -781  -968  0
596  -152  780  0
-773  -133  493  0
-240  -354  -26  0
-701  -869  416  0
-229  181  -618  0
735  154  982  0
-212  -277  -928  0
-220  217  271  0
-778  -487  -371  0
350  -657  505  0
148  11  746  0
410  27  999  0
-476  -998  -405  0
922  507  606  0
275  752  -410  0
-510  842  680  0
805  -316  -960  0
672  -765  -771  0
-200  -470  -162  0
-232  -334  440  0
593  -757  -676  0
-6  -971  779  0
71  -193  -913  0
28  -832  230  0
798  659  843  0
-196  990  -932  0
95  -37  600  0
-137  -175  509  0
20  778  -620  0
-341  -644  841  0
19  -235  -55  0
-96  -828  905  0
543  -279  218  0
-939  341  859  0
137  558  711  0
-555  678  453  0
-84  288  -306  0
-959  510  592  0
856  793  -623  0
767  -821  922  0
444  -810  -325  0
-12  175  -942  0
267  979  358  0
-977  -660  838  0
-126  840  -92  0
-44  241  133  0
-522  361  325  0
212  921  -756  0
399  915  945  0
581  -631  507  0
998  641  572  0
585  -670  849  0
-959  -846  -32  0
-13  961  24  0
-942  -807  -923  0
-975  139  3  0
-793  164  -591  0
-496  -802  -512  0
969  655  -929  0
463  576  -823  0
736  937  485  0
800  496  -963  0
799  -263  -445  0
959  708  534  0
706  -50  -414  0
-615  339  -50  0
973  -85  896  0
559  510  260  0
-714  783  689  0
-581  -110  -257  0
-429  162  -843  0
285  -951  718  0
19  -353  -510  0
302  532  167  0
-992  -477  -537  0
-152  844  -819  0
134  212  -215  0
643  9  -709  0
927  -821  443  0
-101  -680  782  0
333  440  100  0
926  192  -269  0
124  858  -413  0
-376  151  938  0
-605  -700  -461  0
981  103  -770  0
-258  -575  323  0
-405  604  -353  0
418  -485  709  0
733  595  -892  0
-845  289  -619  0
-181  617  -216  0
302  706  -102  0
385  -631  -4  0
805  492  820  0
-543  -386  -876  0
-344  -164  -420  0
-286  841  -779  0
426  -502  -9  0
179  923  850  0
-437  606  -278  0
365  527  801  0
-696  -505  517  0
114  -324  746  0
-926  204  919  0
194  922  217  0
446  -101  75  0
-188  -287  -60  0
-962  -856  -744  0
587  -578  110  0
-299  439  -728  0
681  534  815  0
-2  525  435  0
286  154  -72  0
374  121  -858  0
-816  731  -479  0
530  973  125  0
541  835  -841  0
-764  125  -742  0
196  600  60  0
-599  -312  -811  0
458  -813  853  0
430  -394  288  0
400  81  17  0
338  303  460  0
108  652  446  0
-630  507  566  0
-981  314  635  0
-800  -586  156  0
-365  -246  704  0
-118  -777  802  0
352  -190  585  0
921  -720  992  0
331  486  891  0
575  554  -577  0
330  29  98  0
-245  961  -111  0
-510  588  799  0
474  -321  -565  0
137  -57  839  0
843  -508  243  0
342  -242  -315  0
48  -370  -193  0
195  -44  168  0
-796  619  -913  0
908  965  408  0
-935  924  259  0
-644  -817  -387  0
840  903  456  0
-737  656  175  0
177  -355  651  0
-446  -660  -34  0
-726  -333  772  0
842  900  -545  0
102  456  -143  0
126  311  897  0
14  937  106  0
833  -951  796  0
-361  -766  -377  0
-782  -110  -786  0
-408  -150  -921  0
-124  -101  467  0
749  -433  -126  0
931  446  -485  0
4  754  890  0
277  -509  661  0
263  -271  550  0
-36  342  -246  0
832  29  -235  0
-877  -603  -265  0
-543  253  -342  0
-997  -658  957  0
572  360  742  0
-960  350  739  0
-968  -221  206  0
-845  -515  746  0
485  200  -915  0
-801  835  78  0
-360  517  -530  0
-415  40  -545  0
207  29  619  0
363  -565  -557  0
-32  346  24  0
617  428  -446  0
594  995  -564  0
-123  -588  884  0
-18  -801  -373  0
-962  814  -526  0
-289  605  -48  0
222  -971  578  0
-867  -551  -856  0
-6  646  -445  0
-485  -777  -480  0
-573  -73  975  0
-874  -126  -354  0
-57  -559  501  0
-188  -304  626  0
-948  -474  383  0
-496  -275  213  0
616  606  -88  0
228  612  240  0
268  -482  -502  0
-461  -403  -41  0
-170  401  -841  0
279  -579  435  0
893  934  -311  0
931  349  -484  0
534  -247  308  0
265  703  -585  0
198  -570  166  0
166  483  551  0
-169  -542  -89  0
-726  352  754  0
-991  -951  -768  0
-571  -133  -810  0
-588  -976  -62  0
-388  -840  935  0
-211  799  -640  0
-793  -63  -831  0
682  180  637  0
675  229  -364  0
847  -572  -703  0
800  -760  -56  0
816  98  -78  0
696  -679  547  0
-715  987  -482  0
-247  242  -972  0
410  186  -174  0
-194  61  -325  0
859  787  836  0
847  -39  -557  0
-685  -148  -504  0
-934  44  54  0
904  -978  -186  0
704  24  -276  0
-59  113  -148  0
384  491  -896  0
-708  314  124  0
220  -277  -229  0
-74  -607  185  0
211  -330  954  0
427  201  562  0
827  205  -253  0
495  485  218  0
-460  999  327  0
-530  -958  -662  0
-78  -234  -109  0
185  -177  236  0
675  893  -507  0
-528  -915  510  0
-972  111  -566  0
915  -156  528  0
901  -453  -489  0
919  -91  -859  0
-69  255  986  0
-232  -33  286  0
859  -99  -11  0
-291  425  664  0
-793  588  89  0
615  -410  -521  0
-953  -531  817  0
537  168  -747  0
808  123  -521  0
-878  -978  779  0
465  -986  -861  0
295  872  -593  0
190  159  147  0
-441  -341  986  0
144  -729  60  0
559  877  -491  0
29  -339  434  0
-85  -297  140  0
195  -6  115  0
368  -609  -504  0
-894  -749  623  0
102  -366  743  0
-823  -31  -567  0
654  84  -148  0
-130  116  -306  0
728  -91  -281  0
-628  -536  81  0
269  901  920  0
-695  -65  49  0
-66  919  -884  0
-508  88  -847  0
-607  289  -682  0
94  657  -131  0
283  -508  841  0
70  -479  -492  0
227  574  -600  0
690  708  515  0
-853  -269  575  0
-615  -717  18  0
-139  166  -483  0
720  746  976  0
-328  320  -370  0
985  709  637  0
-499  -494  -589  0
275  733  -469  0
-666  877  -96  0
644  362  653  0
956  -27  -73  0
-855  -834  -797  0
-529  -922  -879  0
-43  -573  404  0
840  802  -831  0
-42  -662  -303  0
997  -340  -489  0
-610  323  -901  0
238  310  44  0
-507  802  252  0
839  84  870  0
-676  -173  -606  0
720  249  -358  0
-796  422  139  0
223  -946  246  0
513  -700  -506  0
560  -310  -147  0
670  520  -652  0
-146  -910  922  0
333  -969  -164  0
936  -814  585  0
106  -135  979  0
-48  191  544  0
-667  -46  916  0
551  -241  -269  0
152  -493  231  0
271  987  523  0
-584  -751  444  0
68  -488  661  0
-490  -774  801  0
-388  769  -394  0
-319  -163  -936  0
213  -978  410  0
-856  339  -24  0
590  -526  779  0
753  -150  376  0
866  253  -675  0
-949  -892  -976  0
260  -174  240  0
339  351  -198  0
-944  27  -773  0
769  557  -149  0
541  808  -100  0
-847  601  -406  0
-248  -786  546  0
-596  -551  741  0
537  -593  -253  0
774  -333  -240  0
-85  -244  696  0
-190  -135  -392  0
-916  141  721  0
25  223  -354  0
-966  -976  514  0
572  -756  697  0
370  98  -446  0
585  -812  289  0
775  -613  -943  0
-171  -332  600  0
-127  784  755  0
-904  498  261  0
-915  -462  961  0
-733  -574  880  0
-1000  -769  804  0
-723  581  60  0
-482  911  -884  0
295  290  -271  0
1  670  -304  0
-13  452  772  0
589  -963  -263  0
781  132  87  0
240  902  716  0
464  636  564  0
-853  179  297  0
-359  -811  709  0
-215  872  -534  0
921  974  -653  0
785  -964  -728  0
108  741  307  0
-890  21  -654  0
-177  -236  686  0
707  716  -998  0
671  -791  936  0
172  678  -967  0
193  -742  800  0
425  -880  780  0
114  798  215  0
964  954  -972  0
-101  -320  -32  0
583  812  -424  0
973  607  -588  0
-675  949  -544  0
580  -790  -145  0
-535  346  -911  0
-334  388  -809  0
-634  -25  -39  0
-209  -148  520  0
246  767  -669  0
813  256  -148  0
712  764  -19  0
-755  -21  42  0
-668  518  -187  0
-711  954  -504  0
768  753  -260  0
-811  810  -824  0
-225  941  -860  0
751  -969  453  0
-995  409  592  0
-85  -582  791  0
-681  -135  727  0
-444  715  -286  0
-303  199  373  0
628  -966  -433  0
-140  -186  967  0
-930  758  850  0
267  954  73  0
-467  847  -272  0
-466  -399  -104  0
-906  459  -156  0
465  -685  -412  0
756  -482  795  0
-661  -852  -464  0
5  -615  116  0
507  -752  607  0
-184  298  -100  0
305  104  424  0
810  -771  -769  0
-707  328  -936  0
-506  -707  -899  0
160  910  -833  0
492  282  301  0
633  211  -157  0
256  231  -575  0
-652  -794  881  0
-874  963  880  0
745  -136  -460  0
-537  230  88  0
-576  103  -42  0
586  280  -862  0
925  -5  863  0
814  -567  72  0
-852  -41  765  0
410  419  -93  0
985  654  -377  0
-355  -171  750  0
731  673  -576  0
-240  633  -157  0
578  959  936  0
-981  675  -205  0
690  -393  452  0
603  -909  251  0
222  -875  -689  0
-597  -837  -124  0
859  -345  -683  0
123  -938  -452  0
905  375  -465  0
-947  -927  672  0
369  33  -648  0
-861  -530  -346  0
740  290  845  0
-94  559  589  0
-753  301  -57  0
-70  -486  -537  0
-913  -607  -76  0
703  -826  -202  0
-192  303  -663  0
-749  194  274  0
889  -733  89  0
-978  551  999  0
344  -655  251  0
-288  718  -470  0
-411  687  36  0
864  -890  252  0
497  -431  -15  0
-620  79  -411  0
-972  -337  -712  0
-645  923  -372  0
-878  -545  747  0
683  -211  -38  0
-437  764  -30  0
413  -40  -740  0
-526  -392  -574  0
-330  982  323  0
649  587  200  0
232  -586  -256  0
-324  215  -510  0
7  249  83  0
933  767  252  0
-481  670  -457  0
-894  322  68  0
473  -832  552  0
555  -295  100  0
-684  946  397  0
383  417  381  0
-755  759  634  0
5  674  -708  0
154  684  -647  0
-501  -219  844  0
-944  154  -949  0
-353  411  633  0
561  573  -430  0
445  -773  -111  0
445  436  -786  0
-617  385  -609  0
50  820  -763  0
797  -553  -104  0
719  -557  900  0
-896  299  -738  0
-751  232  947  0
181  -189  -607  0
768  293  -818  0
955  -35  -687  0
28  298  310  0
688  -761  -269  0
-937  459  -143  0
834  807  -11  0
-601  61  300  0
-642  -137  -562  0
-653  -78  536  0
423  -435  -68  0
-205  -367  623  0
-615  -260  266  0
-280  -685  955  0
-341  539  504  0
137  850  538  0
767  -488  670  0
-454  -607  457  0
-75  107  928  0
-4  324  -894  0
-817  -272  113  0
-673  -186  149  0
-732  -393  -472  0
865  -102  -551  0
345  -404  -846  0
-427  -468  -857  0
188  466  -698  0
805  -470  939  0
-559  -565  42  0
466  -208  756  0
795  465  -367  0
495  -787  -281  0
-126  921  -222  0
271  -980  192  0
823  -767  974  0
577  827  -822  0
716  -614  694  0
472  774  883  0
-653  -74  -847  0
376  -448  382  0
369  689  973  0
416  880  -869  0
937  810  -967  0
677  560  -627  0
717  994  173  0
-784  -392  -422  0
-965  6  -545  0
-870  1000  296  0
950  -356  -171  0
674  380  48  0
-953  276  377  0
984  -642  24  0
-225  968  -25  0
6  -995  99  0
-861  686  -907  0
578  19  74  0
-307  474  -768  0
74  109  -774  0
900  -545  129  0
754  -403  609  0
966  -327  -186  0
314  310  -382  0
632  622  -227  0
999  -254  -470  0
561  481  -768  0
350  -108  603  0
-248  742  -527  0
-368  131  837  0
-633  479  19  0
-597  -32  166  0
-384  349  -253  0
-211  618  -734  0
319  591  997  0
211  60  -687  0
293  -689  475  0
-18  -636  -315  0
-880  -109  -332  0
256  -172  -82  0
-591  -788  371  0
-997  689  960  0
-624  -428  936  0
665  181  -385  0
1  -898  -886  0
-377  -577  379  0
-729  235  954  0
921  173  -635  0
904  -544  -112  0
-919  660  875  0
-548  180  -442  0
598  -386  -331  0
176  -843  -339  0
943  -944  -273  0
431  -671  -948  0
-97  841  -688  0
-10  78  600  0
714  -595  867  0
592  -431  -990  0
-110  672  -765  0
-70  -33  -508  0
733  -730  661  0
-585  -861  763  0
-363  319  -553  0
252  -536  209  0
-656  641  412  0
453  773  -200  0
647  541  24  0
-784  -536  -948  0
-247  381  -260  0
800  -626  -405  0
-204  -1000  639  0
-241  -799  -536  0
387  223  2  0
-930  -129  -441  0
116  -829  -637  0
668  -975  977  0
-636  387  -948  0
741  188  -410  0
-106  934  -17  0
240  675  629  0
970  68  332  0
627  -6  -591  0
374  68  399  0
-357  853  373  0
-616  -114  358  0
701  78  910  0
-121  679  115  0
594  -640  81  0
68  871  981  0
-34  -765  -800  0
-503  -582  651  0
922  -839  -501  0
-236  757  661  0
-3  -883  640  0
174  389  -61  0
-1  -110  -705  0
-246  663  -25  0
485  -968  -47  0
413  794  80  0
-339  60  -379  0
-760  942  -748  0
782  744  -414  0
409  747  -691  0
126  411  -619  0
-715  -431  -597  0
-922  -147  -145  0
-826  252  -996  0
-651  -296  263  0
-796  291  882  0
-790  472  -61  0
412  -31  -59  0
523  611  -211  0
942  -917  -613  0
-613  -147  -587  0
-481  -359  -822  0
769  -26  854  0
504  -566  -930  0
728  -211  -559  0
-331  -84  9  0
456  872  -158  0
774  668  272  0
107  -142  786  0
85  217  -278  0
-460  -282  -945  0
751  -46  -981  0
-729  522  -433  0
496  -177  -85  0
541  -430  -543  0
987  364  -929  0
-417  -124  -659  0
935  13  302  0
65  -707  117  0
401  -112  -351  0
-610  940  366  0
302  544  -928  0
898  -417  732  0
-966  391  124  0
24  -114  -470  0
374  -799  741  0
-160  915  423  0
-26  -124  132  0
-239  408  161  0
-350  88  -389  0
602  466  261  0
471  -180  505  0
881  178  -345  0
-474  811  77  0
-366  -62  565  0
-113  -43  519  0
-688  380  -435  0
227  -439  -73  0
-293  -774  -343  0
-354  -781  143  0
-211  510  859  0
-55  80  -499  0
-738  -522  -849  0
-964  -206  761  0
126  39  -906  0
863  759  -292  0
30  -449  995  0
-768  860  175  0
-658  -86  -26  0
762  532  -639  0
-216  386  554  0
-443  306  -756  0
754  747  838  0
569  -115  340  0
925  -725  971  0
-645  665  -603  0
-421  687  -982  0
797  508  -485  0
84  207  -828  0
409  -943  -432  0
-920  30  -226  0
-630  -939  -127  0
-246  340  -711  0
-948  366  200  0
-542  -828  441  0
-513  -759  78  0
404  289  -81  0
-868  -88  803  0
4  376  -888  0
273  -31  596  0
-760  -468  168  0
-783  98  431  0
933  159  705  0
560  334  -437  0
-60  418  875  0
-641  267  -419  0
-456  -280  -201  0
-229  205  587  0
695  644  93  0
-467  14  -714  0
704  805  883  0
-113  498  -355  0
-703  12  -262  0
-242  -604  -649  0
702  251  -244  0
518  640  328  0
398  -137  476  0
-374  -504  -709  0
-898  -186  289  0
39  752  147  0
685  53  601  0
-73  -547  881  0
-662  808  -52  0
-232  -493  278  0
-146  649  -461  0
-226  776  931  0
-881  -463  206  0
728  605  -331  0
-9  -600  619  0
815  -592  -730  0
930  -693  -877  0
-314  -961  807  0
-398  316  -733  0
-897  -81  -539  0
254  -948  -383  0
170  -379  -793  0
183  624  -652  0
937  686  98  0
-106  -976  330  0
-602  1  -127  0
-22  271  751  0
87  -466  515  0
-665  -216  238  0
970  -802  576  0
-418  243  968  0
4  -622  -510  0
954  -44  -547  0
-681  -552  579  0
-495  -525  6  0
-546  -466  860  0
883  722  115  0
-914  558  575  0
-255  -156  647  0
-640  -228  -114  0
747  352  297  0
354  -627  179  0
-44  -908  850  0
-745  838  -243  0
676  998  893  0
748  -514  98  0
-890  -175  -589  0
111  -873  7  0
124  803  748  0
48  -711  139  0
-641  576  233  0
-553  163  598  0
327  -192  -299  0
-588  -306  796  0
-341  -926  688  0
73  -569  -955  0
320  -958  74  0
411  2  -210  0
159  582  -51  0
-510  163  -378  0
-935  42  -513  0
-973  -651  952  0
-886  -276  884  0
-343  -295  434  0
-66  521  -888  0
90  -599  -176  0
797  257  68  0
938  -108  -129  0
-476  282  231  0
887  273  -480  0
-437  674  162  0
735  911  -334  0
-543  -316  -422  0
747  335  39  0
-599  -236  567  0
692  499  -589  0
780  -393  970  0
879  -318  -633  0
756  446  541  0
-84  -770  -606  0
954  266  934  0
-316  243  -584  0
-359  311  817  0
-807  648  -685  0
-1  -224  915  0
-485  -309  346  0
-961  110  122  0
371  173  147  0
-956  -757  -321  0
749  104  -467  0
-344  709  765  0
-521  -278  -297  0
635  -354  183  0
678  920  -955  0
82  -883  -672  0
643  -38  274  0
15  -871  -427  0
-276  607  357  0
477  -728  394  0
-910  -84  163  0
136  908  758  0
-934  -493  533  0
70  -290  424  0
740  -4  960  0
178  -775  -770  0
135  598  62  0
319  38  955  0
-566  -907  -781  0
569  99  470  0
15  -610  977  0
538  221  119  0
-227  -477  860  0
-479  136  -786  0
305  564  -772  0
504  -593  63  0
66  -34  601  0
423  -576  -305  0
64  -265  -969  0
-118  143  369  0
-486  824  -261  0
-39  -363  -809  0
996  -197  -297  0
-328  -401  -782  0
-28  -581  806  0
-397  -474  953  0
-45  -661  172  0
870  -213  683  0
298  -69  492  0
838  511  -360  0
-400  514  195  0
782  884  638  0
-421  -192  -789  0
-277  -472  -384  0
-191  -579  73  0
-944  -585  -897  0
1  301  143  0
404  -815  -342  0
-136  -857  -183  0
576  22  -773  0
-877  548  654  0
578  -600  93  0
513  -128  353  0
688  -325  -652  0
-631  512  71  0
74  -15  -638  0
748  -597  356  0
-344  366  -575  0
-153  -835  -117  0
-274  -332  -997  0
-835  333  -36  0
-217  -320  40  0
-91  240  435  0
-796  -311  851  0
506  538  -915  0
150  -318  -895  0
-251  -818  631  0
552  628  63  0
713  -447  -535  0
184  -786  386  0
-458  -422  573  0
327  191  5  0
289  291  220  0
62  222  -208  0
-463  -970  -52  0
336  727  612  0
-753  -464  -596  0
379  -948  321  0
593  -880  -698  0
-366  331  -328  0
-351  -235  193  0
871  671  -663  0
-544  479  147  0
323  406  -21  0
172  46  262  0
-500  -138  715  0
966  776  491  0
149  6  338  0
-477  500  -650  0
-243  850  580  0
-768  -76  -232  0
376  -438  912  0
310  -674  -3  0
940  -474  -645  0
46  -866  142  0
373  969  -495  0
-358  801  -758  0
736  -496  -20  0
-580  1  479  0
133  658  -577  0
899  -580  -558  0
607  -427  850  0
991  82  764  0
14  -514  -434  0
848  -553  -385  0
73  791  -509  0
-277  23  799  0
821  -961  538  0
676  -5  706  0
-864  -257  -941  0
-124  32  -150  0
-490  576  -171  0
-44  -835  -257  0
-715  -706  341  0
992  -752  -70  0
56  -435  -217  0
348  298  -680  0
604  325  -30  0
-529  -881  564  0
-971  -548  -233  0
800  -382  -224  0
343  -173  -587  0
-189  -368  -319  0
-901  975  -494  0
728  627  768  0
533  224  941  0
738  240  -871  0
473  589  -39  0
-569  -185  706  0
-817  342  358  0
145  -956  -549  0
306  -69  -485  0
550  842  929  0
-698  113  -9  0
-143  -884  -488  0
-891  -474  -907  0
-62  -451  793  0
-836  730  896  0
382  -755  936  0
83  366  712  0
-765  874  -679  0
840  -541  -382  0
-784  297  -334  0
-444  -144  -705  0
-372  -821  -798  0
102  -292  577  0
524  -49  225  0
-699  -225  420  0
780  -221  807  0
832  959  -951  0
-443  146  -998  0
-336  312  -425  0
-724  -2  -490  0
488  -472  632  0
606  997  -474  0
989  -725  163  0
-30  -484  365  0
914  -465  908  0
-896  378  -151  0
-901  599  23  0
193  -643  915  0
738  168  322  0
-599  -231  -477  0
599  -163  985  0
-645  829  713  0
-751  596  80  0
147  -171  69  0
990  737  -961  0
84  111  951  0
944  -679  -910  0
245  371  -771  0
-337  62  -461  0
272  -47  -326  0
418  189  927  0
867  810  -657  0
835  856  -649  0
-628  -360  658  0
-139  -351  490  0
177  -373  287  0
847  -448  98  0
-108  488  544  0
-23  578  476  0
178  -683  611  0
-656  -309  285  0
938  -913  632  0
606  700  -649  0
27  421  -624  0
201  -587  822  0
697  111  -844  0
-276  -355  -736  0
953  278  -606  0
518  609  173  0
-795  -86  35  0
212  -146  398  0
-811  375  -854  0
-770  807  346  0
435  983  -403  0
73  300  94  0
940  -879  134  0
78  -307  136  0
-507  110  -600  0
655  -264  987  0
265  150  -29  0
348  724  -635  0
238  339  343  0
-591  91  -949  0
186  -313  -771  0
-571  825  -160  0
-363  -721  -627  0
-488  726  16  0
482  -958  976  0
-407  150  963  0
835  76  884  0
456  -354  241  0
-46  458  561  0
-772  426  -802  0
-814  110  -232  0
8  708  794  0
-341  -581  66  0
385  946  77  0
-294  628  -495  0
439  131  -593  0
379  570  -337  0
-967  -353  137  0
693  -923  -958  0
-475  -278  274  0
856  -308  -527  0
-204  918  -326  0
503  328  859  0
679  -667  -502  0
-521  415  -495  0
-968  299  -45  0
-80  699  349  0
359  -621  -602  0
962  136  -982  0
-868  15  758  0
-742  -91  -717  0
-469  733  436  0
-308  -672  79  0
-815  605  379  0
-687  -600  -855  0
658  -634  517  0
-419  -624  -216  0
520  620  -297  0
502  664  -672  0
174  -194  -347  0
642  285  409  0
-626  856  698  0
-819  -994  431  0
624  -349  -308  0
350  -876  540  0
126  424  -893  0
-560  -376  -543  0
-97  -390  -875  0
439  -925  -413  0
-357  -516  832  0
599  -609  -768  0
-698  -340  -765  0
108  421  -964  0
-856  -7  964  0
65  -504  -85  0
694  -57  -224  0
73  -62  -288  0
326  946  785  0
36  853  169  0
-574  156  538  0
127  -374  -935  0
375  -5  -761  0
817  583  -403  0
-178  -316  -825  0
-193  -751  293  0
526  -522  848  0
91  -354  -53  0
363  -168  680  0
-721  -229  -418  0
-927  -319  -653  0
-410  -710  546  0
391  644  967  0
-636  -50  225  0
-445  -635  631  0
-26  701  340  0
83  -96  868  0
-607  -522  865  0
-620  -519  62  0
-199  750  -54  0
959  -533  -492  0
51  665  -784  0
209  -654  137  0
574  -262  622  0
-41  -567  -415  0
319  708  -563  0
-441  -146  -569  0
-166  354  -661  0
606  -382  -255  0
756  -122  109  0
-354  -577  399  0
-225  212  -289  0
761  951  703  0
-132  828  -690  0
-389  501  -185  0
-573  -462  78  0
272  511  -42  0
810  358  467  0
-389  -286  678  0
-44  -391  -415  0
987  825  807  0
73  204  -589  0
532  937  -434  0
637  797  410  0
-227  -840  -889  0
760  437  839  0
644  -221  325  0
-790  -670  -961  0
-353  -999  445  0
-625  -135  -52  0
416  -709  -393  0
-642  545  -875  0
-49  -303  297  0
201  -597  204  0
420  -150  995  0
-265  -519  -853  0
-889  401  737  0
779  679  186  0
583  88  -299  0
561  252  958  0
884  -23  570  0
210  -20  266  0
706  263  -912  0
-937  648  -521  0
-601  -176  672  0
-455  -640  138  0
-904  -721  -259  0
-70  -612  872  0
-678  635  215  0
-768  526  707  0
-690  -494  -752  0
360  625  572  0
154  -66  512  0
929  738  -286  0
963  698  177  0
449  -713  -212  0
-292  -539  551  0
-841  -688  -122  0
452  817  -256  0
-426  -312  -263  0
-463  407  561  0
-968  373  147  0
765  -359  303  0
420  -51  -862  0
-815  676  237  0
572  470  -540  0
-927  -889  -547  0
-111  -116  649  0
-981  -546  463  0
-513  -146  400  0
708  -102  461  0
-140  1000  789  0
-724  615  576  0
635  -197  -291  0
263  658  590  0
182  -966  -289  0
-865  -74  -447  0
705  327  -531  0
954  540  -56  0
-839  38  -857  0
-218  -691  736  0
-660  639  816  0
-63  -637  519  0
-49  -819  -336  0
989  -803  -838  0
-365  -438  -203  0
24  -494  -430  0
791  -550  493  0
-666  -793  100  0
-725  -139  -253  0
-787  -9  -191  0
-208  -322  -895  0
997  -371  491  0
-443  599  -220  0
-386  -969  -731  0
261  -648  878  0
834  -158  730  0
998  392  276  0
-939  472  -427  0
-310  -797  618  0
881  -785  485  0
-95  -854  382  0
541  956  -737  0
-826  983  -163  0
-232  -310  306  0
-149  -355  -706  0
884  -86  475  0
-126  782  -631  0
952  -730  934  0
-760  -1000  971  0
-710  125  472  0
650  948  -457  0
830  94  -201  0
429  772  839  0
-401  953  -25  0
-402  847  -905  0
407  -420  235  0
239  705  519  0
339  -963  545  0
-811  -300  -151  0
163  -913  -107  0
-46  248  726  0
982  630  -612  0
577  381  417  0
-686  -780  -642  0
-395  -28  -330  0
-67  986  -427  0
717  999  -363  0
-174  -878  843  0
376  829  795  0
779  -322  129  0
-42  70  752  0
-33  850  358  0
690  -527  -923  0
-761  867  328  0
-927  117  554  0
159  -997  -427  0
316  509  854  0
373  124  -442  0
-856  852  -708  0
638  -720  899  0
-434  861  -912  0
824  -402  -795  0
817  215  704  0
441  13  439  0
83  687  -714  0
-791  -70  69  0
412  -728  931  0
-240  122  -961  0
378  220  450  0
493  612  228  0
-189  521  912  0
-772  536  -436  0
-380  -578  -859  0
905  305  -489  0
430  48  -1000  0
920  294  -312  0
-670  -797  47  0
-423  -86  -169  0
958  -531  817  0
-163  -743  -855  0
-225  956  -769  0
-852  912  282  0
952  -276  -978  0
173  -618  706  0
769  -823  555  0
375  -740  577  0
889  -306  585  0
-415  258  -163  0
-121  337  -428  0
-745  -16  259  0
192  556  -850  0
772  617  -606  0
-598  -260  -180  0
741  -108  -988  0
-363  3  967  0
-590  -941  587  0
506  -391  817  0
-102  183  -368  0
-341  -790  -772  0
-965  -65  902  0
245  429  -940  0
613  365  186  0
-933  718  -175  0
615  636  -111  0
-763  -138  -578  0
903  -851  -319  0
196  -702  -289  0
787  -988  455  0
688  426  603  0
206  46  -204  0
-530  -986  994  0
979  875  -79  0
-603  557  -25  0
62  -358  -811  0
-231  -96  -457  0
-72  599  779  0
300  489  -200  0
-804  936  433  0
923  738  -565  0
919  -879  -563  0
269  -967  -747  0
-318  669  -546  0
-226  173  369  0
-844  -550  433  0
809  -514  -354  0
-911  -932  -844  0
814  -481  -628  0
813  497  -61  0
650  326  -206  0
478  506  -382  0
-908  -341  457  0
-713  -411  140  0
-384  -276  -805  0
689  232  -860  0
727  -337  273  0
121  534  25  0
384  -403  -338  0
-128  299  -615  0
-363  -714  612  0
63  -17  767  0
-522  685  32  0
-921  -256  -427  0
393  -748  413  0
17  -55  -792  0
-483  559  116  0
634  -489  453  0
-458  5  968  0
-94  246  946  0
-919  -678  -509  0
340  -181  513  0
-668  234  570  0
-913  521  -393  0
831  -534  973  0
928  202  -522  0
-740  -429  535  0
-454  118  -895  0
-91  -402  993  0
-806  763  994  0
573  710  -133  0
258  -455  -9  0
-481  897  287  0
692  -650  378  0
6  103  -151  0
4  -176  -80  0
111  -787  -248  0
-946  782  -954  0
917  772  165  0
308  833  224  0
-439  -156  791  0
284  -613  912  0
832  443  -240  0
945  859  171  0
284  -326  590  0
-21  76  193  0
-659  -315  942  0
-121  -923  502  0
-913  328  -578  0
-149  563  561  0
-299  -866  -673  0
-44  528  -576  0
-385  545  -813  0
-249  625  694  0
909  -328  571  0
-240  237  -86  0
-624  -164  -449  0
-687  -494  -319  0
209  -664  950  0
997  828  972  0
-350  -213  -488  0
-15  -558  85  0
-717  842  532  0
-944  -265  -932  0
-123  -880  211  0
-530  -857  702  0
373  548  -883  0
-773  -930  992  0
809  -788  -786  0
996  911  454  0
129  525  265  0
-101  -983  -856  0
550  -806  286  0
417  -828  -999  0
551  70  -194  0
12  -896  191  0
-935  882  -963  0
986  -487  -733  0
319  -1000  -384  0
140  -920  -703  0
-347  -10  594  0
482  -645  906  0
-982  951  295  0
926  -499  846  0
732  -215  -797  0
923  81  752  0
-696  791  -978  0
-130  -636  -666  0
-298  46  142  0
-946  -318  -332  0
520  753  402  0
242  745  796  0
-124  878  631  0
366  312  840  0
-76  -254  -113  0
-680  808  565  0
-721  223  339  0
939  868  -149  0
964  31  644  0
-340  768  -291  0
246  366  -473  0
804  182  283  0
348  56  941  0
-239  71  104  0
-365  443  -959  0
-924  -314  986  0
-939  -157  -148  0
48  -344  421  0
-133  -914  -356  0
706  -302  200  0
-261  599  -761  0
-606  -111  -207  0
232  661  113  0
-995  -997  180  0
179  353  450  0
39  -343  -540  0
949  -360  -824  0
149  -588  -961  0
-620  -739  -915  0
376  -801  -152  0
-301  -278  300  0
778  -966  -504  0
947  -915  -325  0
293  -453  280  0
-184  -94  507  0
-920  -360  73  0
-500  -578  589  0
-257  -315  835  0
-396  -501  618  0
-217  -692  -232  0
-305  741  522  0
611  635  -340  0
336  -199  -739  0
-61  -218  243  0
-419  -745  723  0
-68  846  -67  0
222  -634  -479  0
-220  -483  -586  0
964  -126  368  0
-927  297  -964  0
-843  955  708  0
-100  -895  -734  0
271  -62  -404  0
346  111  65  0
419  -192  781  0
-952  -404  209  0
-850  -18  -277  0
164  -419  671  0
958  -292  800  0
636  289  362  0
-122  -28  837  0
480  396  954  0
-888  -508  381  0
-910  -715  559  0
-422  104  -331  0
-736  586  679  0
-362  733  -34  0
-330  953  967  0
127  -215  296  0
-415  675  -809  0
-606  753  -599  0
156  946  70  0
-355  -73  396  0
-32  -99  177  0
100  862  729  0
-648  -45  125  0
675  -543  -80  0
396  669  -338  0
-370  -607  -89  0
792  106  -925  0
352  -396  -430  0
-129  957  -290  0
358  -218  54  0
-917  -995  -668  0
-221  -140  -347  0
-334  -722  890  0
-458  -893  230  0
-209  987  -175  0
928  -993  -96  0
-208  976  -410  0
576  966  252  0
-157  460  -914  0
306  -965  -122  0
463  -425  -954  0
105  557  243  0
270  -914  -517  0
-352  -579  979  0
35  -679  -855  0
-610  51  154  0
546  -137  -612  0
396  913  -605  0
-489  -262  535  0
51  -959  209  0
-719  292  764  0
-759  566  365  0
-401  331  -118  0
237  -622  -192  0
790  447  987  0
842  -290  857  0
267  -970  -207  0
830  -688  215  0
549  -540  402  0
-303  -427  446  0
-987  -655  176  0
521  -709  806  0
-602  -805  -178  0
-743  960  -580  0
-524  -29  -353  0
-187  -190  663  0
-485  -180  5  0
-380  -1  -871  0
-186  -405  92  0
242  -736  832  0
860  915  -598  0
64  62  -667  0
-292  47  -409  0
362  612  -935  0
69  -448  882  0
-291  784  -539  0
979  -641  407  0
97  342  769  0
-366  38  174  0
-596  -509  777  0
130  892  261  0
314  75  -524  0
256  795  510  0
380  864  771  0
-672  -361  -477  0
776  -219  595  0
-861  898  234  0
-371  -187  300  0
635  -76  156  0
828  518  490  0
825  846  -614  0
453  6  482  0
-334  -33  -309  0
-28  546  -757  0
485  -274  95  0
-363  -548  877  0
879  -82  -689  0
-723  100  674  0
418  76  -706  0
908  9  962  0
-23  510  843  0
-193  860  171  0
935  -4  127  0
350  103  131  0
464  -459  -515  0
51  776  734  0
-448  -342  642  0
614  -24  694  0
-51  -721  -994  0
538  -600  -611  0
916  88  -287  0
-488  -939  153  0
252  677  746  0
263  71  616  0
934  -920  -10  0
605  -252  925  0
-680  496  -880  0
648  -640  -4  0
567  100  -831  0
196  -712  388  0
-488  -18  497  0
886  -267  -637  0
-504  519  111  0
-96  277  697  0
146  -48  453  0
-305  815  330  0
-921  -142  715  0
-110  -43  -948  0
612  -922  13  0
799  659  309  0
-315  369  54  0
-831  338  352  0
-515  880  100  0
-575  -675  -470  0
-236  -283  -76  0
-125  -112  -130  0
431  935  116  0
-34  953  451  0
629  -713  640  0
-96  379  -681  0
200  402  99  0
-953  -423  -386  0
-166  637  -113  0
563  314  -179  0
877  264  -993  0
-337  48  -743  0
-362  -390  844  0
-542  -374  -376  0
305  -468  -939  0
-801  541  726  0
-239  802  716  0
-381  418  -676  0
593  -656  241  0
418  -757  125  0
-823  -485  -303  0
-459  -747  -345  0
846  -209  -709  0
-739  565  655  0
-945  484  -56  0
-373  -659  211  0
-165  -624  -153  0
395  446  -267  0
189  -32  137  0
368  -597  -679  0
415  270  -503  0
37  -903  -68  0
30  753  -203  0
-760  -520  777  0
728  196  445  0
-180  695  823  0
152  -284  140  0
-898  409  -862  0
849  69  -839  0
225  694  -575  0
210  45  -18  0
-691  -297  76  0
195  -820  -485  0
-27  -741  -956  0
-81  -514  -825  0
831  -72  268  0
-258  -723  -984  0
476  351  414  0
101  76  722  0
-291  -866  -567  0
411  268  98  0
-988  599  -418  0
991  366  -270  0
141  478  -744  0
-787  497  756  0
535  -388  219  0
-817  -815  250  0
-690  544  -749  0
-937  20  -404  0
46  693  82  0
584  -897  -847  0
939  653  -335  0
-189  -903  -400  0
844  519  -652  0
135  -257  491  0
52  -312  103  0
-642  -625  -800  0
-724  -850  -785  0
-547  279  -986  0
-632  -600  -108  0
62  -735  -204  0
82  213  -231  0
364  308  277  0
-325  -534  504  0
-755  872  760  0
910  423  -639  0
-702  854  -156  0
213  655  232  0
753  729  550  0
-282  -98  232  0
987  -999  5  0
784  54  481  0
947  844  599  0
-112  1000  295  0
-663  -235  190  0
-354  700  -746  0
233  245  517  0
596  -415  987  0
-117  -458  877  0
228  788  703  0
285  -9  661  0
-370  -407  -539  0
407  -324  92  0
695  -246  260  0
-573  -165  -544  0
35  85  -240  0
-549  -441  496  0
-891  631  703  0
-389  -548  368  0
-385  -457  807  0
-650  -691  708  0
-877  -153  -832  0
-209  958  292  0
643  -153  -640  0
710  45  300  0
-603  171  -901  0
401  -984  751  0
540  372  724  0
601  995  231  0
605  -861  211  0
-61  -89  660  0
232  411  31  0
-207  471  632  0
-886  7  436  0
248  -137  464  0
616  -754  29  0
-684  -645  807  0
532  -668  -194  0
477  -541  227  0
-793  -670  -775  0
-323  -675  637  0
325  508  -612  0
499  -71  -335  0
482  67  677  0
-87  905  492  0
-616  -328  -228  0
304  964  -228  0
-308  -359  952  0
845  -652  794  0
161  -92  375  0
670  -872  926  0
686  6  -576  0
-732  33  -630  0
-151  -341  400  0
937  -890  160  0
-92  -971  -730  0
207  -232  107  0
-810  -597  -213  0
312  246  -944  0
503  -504  -473  0
-448  654  -243  0
267  367  819  0
-441  765  270  0
-582  -189  713  0
-763  762  419  0
530  678  -442  0
-482  599  -495  0
-469  -535  555  0
-209  856  -11  0
-370  569  -165  0
9  307  654  0
175  -718  51  0
530  736  205  0
-635  972  -848  0
746  -419  -427  0
571  -84  181  0
-248  414  -298  0
-240  293  664  0
-196  657  -8  0
328  -629  623  0
777  -690  196  0
155  -330  117  0
-37  891  -40  0
-630  222  -926  0
-389  296  -48  0
359  666  455  0
-20  636  300  0
-122  374  -427  0
-918  90  -107  0
217  958  984  0
973  -656  -134  0
-753  288  715  0
206  903  435  0
874  118  -447  0
-882  146  -105  0
-760  -635  -580  0
-712  -733  140  0
-50  919  788  0
87  791  -16  0
213  506  -42  0
395  171  -898  0
687  -829  -91  0
-325  819  553  0
-449  169  643  0
799  -734  -270  0
324  -305  372  0
-757  -114  17  0
71  -969  275  0
490  544  136  0
16  -774  745  0
-578  -736  487  0
210  -812  428  0
-255  -412  -159  0
114  -583  208  0
778  290  985  0
171  -466  -797  0
-35  -254  124  0
643  979  524  0
-405  -922  979  0
177  990  -54  0
456  -733  371  0
-369  280  786  0
527  986  658  0
173  -291  -613  0
-176  471  726  0
234  908  -576  0
-597  -760  -33  0
410  340  93  0
898  457  622  0
-158  -671  -308  0
-786  714  -543  0
-400  846  -507  0
59  -497  74  0
912  915  819  0
464  -798  -938  0
589  -222  -143  0
-830  207  731  0
-285  -472  -748  0
88  65  125  0
-948  -11  366  0
-452  161  420  0
-395  984  818  0
619  -508  -358  0
-644  -49  -923  0
-273  580  176  0
-463  540  -724  0
-666  -337  340  0
118  161  -282  0
-506  796  -387  0
-754  610  190  0
-434  152  -468  0
-329  -991  -760  0
-682  324  -438  0
-601  -3  -127  0
-5  -453  254  0
516  -597  -925  0
-239  641  -486  0
-14  795  -113  0
-251  -145  -810  0
817  426  854  0
111  997  -370  0
-243  -147  965  0
106  -911  9  0
-606  -628  623  0
-6  -259  122  0
105  -958  658  0
932  416  24  0
-158  -56  322  0
968  -651  -185  0
-186  -671  346  0
749  911  717  0
-816  -912  653  0
38  221  663  0
-379  59  313  0
-164  -414  -295  0
-34  638  -633  0
-794  490  457  0
102  -582  -728  0
-490  -161  -927  0
902  677  -322  0
221  922  746  0
-869  350  -304  0
184  145  734  0
641  192  624  0
-305  -492  -430  0
611  786  -841  0
-13  -949  764  0
-500  364  -783  0
277  -155  736  0
890  -48  603  0
506  -371  504  0
456  -452  371  0
513  -427  -584  0
198  -820  433  0
809  -206  -373  0
710  -731  505  0
-120  481  656  0
458  -999  -600  0
347  610  -56  0
-361  -753  139  0
426  -982  641  0
-820  802  -961  0
957  701  340  0
-84  -643  30  0
963  -464  919  0
301  -643  472  0
-354  42  -297  0
-705  -650  694  0
-818  714  206  0
-289  -397  -274  0
70  711  -516  0
538  739  -683  0
-328  159  658  0
979  12  80  0
-702  -899  173  0
-691  746  685  0
649  720  -628  0
329  -231  871  0
884  -361  69  0
-939  -112  -245  0
-569  174  -214  0
-792  833  -579  0
-521  570  -469  0
-761  510  808  0
-32  -901  -894  0
756  204  293  0
-202  290  102  0
-697  -638  -343  0
874  -533  934  0
576  -99  965  0
419  206  -92  0
111  -777  -827  0
-936  323  716  0
-155  -584  291  0
46  -164  -438  0
559  759  722  0
628  -821  -569  0
-360  -876  555  0
279  -732  -432  0
824  -579  348  0
-363  -283  945  0
101  423  -56  0
588  855  -684  0
757  257  214  0
-488  29  -775  0
316  -14  -667  0
742  -832  954  0
-591  -694  -859  0
-147  986  -798  0
640  -662  437  0
-828  -462  871  0
-991  430  153  0
-719  -303  6  0
343  73  495  0
465  592  684  0
-966  -931  411  0
-945  355  -104  0
-288  -771  -328  0
-715  365  -656  0
774  277  799  0
-395  -697  33  0
782  -426  -732  0
-673  223  738  0
-884  -130  -674  0
408  568  -261  0
-103  623  207  0
-823  639  -546  0
-576  700  -11  0
-625  -51  440  0
880  -754  14  0
708  -743  -327  0
-4  -371  -11  0
266  314  -844  0
897  988  934  0
189  450  869  0
420  -541  112  0
599  288  36  0
-319  -77  749  0
-421  -906  -222  0
-793  259  -141  0
394  -660  -757  0
-474  959  -24  0
-543  950  302  0
-589  538  299  0
-297  638  250  0
735  -584  320  0
-747  -333  -809  0
801  -705  942  0
-341  -622  204  0
73  832  -237  0
-705  -53  -995  0
607  -992  328  0
401  -513  33  0
803  483  197  0
129  -281  387  0
113  401  -110  0
39  612  928  0
348  -539  -9  0
267  -663  -524  0
-354  376  326  0
-180  -451  754  0
-952  -356  521  0
-127  -645  36  0
-312  -965  -697  0
-975  633  159  0
-770  -713  983  0
-612  -105  198  0
329  533  -860  0
-91  487  -422  0
560  -586  -206  0
-104  -317  402  0
-582  -94  976  0
897  575  -211  0
-640  -813  -992  0
819  -792  297  0
-312  -337  -194  0
349  -692  -933  0
320  459  -413  0
911  278  787  0
704  26  -160  0
102  -923  -831  0
776  -930  -623  0
241  -280  -991  0
158  722  -270  0
750  -936  707  0
916  661  334  0
-441  770  598  0
418  -677  888  0
-944  44  621  0
820  278  -862  0
-712  -824  272  0
209  -375  -400  0
-715  -788  -82  0
339  706  239  0
475  -822  428  0
-341  -132  215  0
174  39  604  0
308  400  -774  0
719  -862  579  0
-172  -505  -856  0
-540  -589  -672  0
-925  816  684  0
-52  61  -398  0
363  -177  735  0
-763  383  -917  0
-401  830  -359  0
-779  114  -643  0
54  138  902  0
327  -576  -717  0
418  635  729  0
-506  773  -711  0
-950  213  -814  0
-103  -7  -225  0
220  -309  539  0
-925  59  -757  0
454  986  591  0
599  -124  -971  0
730  -721  -825  0
128  -84  -157  0
615  602  57  0
-132  -658  681  0
-209  -782  354  0
805  -540  110  0
596  -230  -939  0
-513  -169  -183  0
-184  848  619  0
-898  -794  -215  0
16  613  -370  0
291  -861  990  0
409  118  318  0
863  -839  378  0
-236  -642  -770  0
-958  300  451  0
137  -364  465  0
-169  -728  -981  0
-320  77  -645  0
361  -982  674  0
315  -29  600  0
685  -645  563  0
-5  751  8  0
-287  -979  -119  0
-532  692  -113  0
-192  -772  435  0
44  -801  998  0
-254  -960  385  0
-613  81  -822  0
725  -470  511  0
335  713  -770  0
928  390  57  0
183  -237  277  0
367  -855  649  0
249  302  979  0
577  349  -841  0
883  340  978  0
-153  -931  133  0
465  897  -186  0
80  26  885  0
639  386  -674  0
37  -663  -421  0
709  749  14  0
-173  409  -610  0
-228  -154  534  0
242  -585  403  0
-295  -961  978  0
-284  -915  -588  0
-895  478  -595  0
-166  -905  -538  0
194  449  -232  0
-355  331  -188  0
727  202  246  0
972  -764  350  0
417  91  -841  0
864  315  -239  0
-610  -189  506  0
69  -354  -365  0
441  61  -981  0
75  193  -883  0
-918  562  -351  0
686  304  885  0
595  -30  -446  0
-997  -338  -487  0
355  217  -25  0
104  -311  420  0
728  -407  748  0
784  -972  -554  0
750  791  421  0
996  -488  -214  0
791  -797  -480  0
-944  -999  401  0
-505  -46  341  0
-453  759  -660  0
598  157  -984  0
-884  52  766  0
727  767  -869  0
-663  575  -382  0
473  -262  -511  0
475  -78  325  0
-948  808  -311  0
-957  -280  29  0
-19  -685  150  0
454  500  718  0
-646  638  278  0
-287  -705  392  0
727  -409  677  0
936  -134  340  0
-385  -185  -599  0
774  305  -223  0
703  184  628  0
-20  733  -158  0
-72  -612  -154  0
965  512  -627  0
-820  -887  905  0
-506  364  -368  0
-224  -572  -74  0
-173  -724  -946  0
-735  -856  422  0
231  -145  704  0
-739  126  -503  0
128  525  -716  0
-491  -261  -838  0
-25  -325  -811  0
-160  185  295  0
631  -61  -692  0
633  642  -476  0
703  -681  264  0
-964  -595  537  0
-504  -664  615  0
504  336  -996  0
434  551  589  0
-607  604  313  0
81  -600  -27  0
-729  -810  977  0
-716  603  -838  0
645  -320  297  0
-12  124  -152  0
-436  -342  935  0
-175  -195  925  0
-786  -848  -276  0
947  -761  328  0
539  967  -986  0
-809  -912  489  0
999  549  966  0
74  880  347  0
596  -863  -22  0
-249  -521  -60  0
-977  654  887  0
545  -813  204  0
-317  -152  543  0
515  965  935  0
153  6  -86  0
554  -773  100  0
97  -875  94  0
-363  852  -331  0
778  -28  -503  0
-344  567  -966  0
-262  -73  997  0
36  666  -675  0
345  591  -426  0
61  -869  -606  0
605  -934  229  0
-279  89  -103  0
-449  -479  -652  0
365  -570  -651  0
229  201  479  0
-352  238  -324  0
-948  480  -19  0
-120  -605  -127  0
-316  875  923  0
-243  -684  -543  0
331  640  -429  0
907  359  -272  0
-757  446  -794  0
-118  -684  -570  0
413  154  -141  0
270  -850  75  0
-189  514  797  0
-685  193  -4  0
-849  -588  963  0
489  19  -117  0
-192  353  496  0
148  653  206  0
-475  -610  848  0
558  919  489  0
-62  -726  566  0
-747  -844  772  0
-342  15  -371  0
115  -42  150  0
-724  -171  915  0
772  -292  470  0
79  -848  -941  0
-797  -592  -159  0
418  247  763  0
-696  -784  590  0
-625  -696  -49  0
134  791  -559  0
708  -792  -775  0
-367  -62  -264  0
-607  -264  -195  0
663  -500  -307  0
924  584  458  0
785  -117  -100  0
-229  -687  -883  0
910  -642  -830  0
149  775  -175  0
38  498  -827  0
-621  -212  415  0
-793  -42  -221  0
140  886  -74  0
-654  635  419  0
624  585  798  0
401  -604  -820  0
-279  23  629  0
-890  783  -106  0
-842  -506  108  0
477  864  830  0
-109  -470  178  0
443  -598  -328  0
493  -687  -562  0
-757  -85  -296  0
-462  254  -128  0
-307  -651  653  0
-47  -560  436  0
-161  540  597  0
-39  510  -708  0
954  594  536  0
994  106  -969  0
446  431  -196  0
-342  -719  -451  0
946  -547  -167  0
-678  -968  -817  0
643  941  -254  0
