   0     1     0   304     1     1     1     0     7  -163   247     1     2     1     1     0     0     2     0     1     1     1     2     1     1   107     0     1     3     1     1     0     1   286     1     3     0     1     1 
    1    0     1     1    -3     3    -1   331  -302     2     5     0     1     0     0    -1    -2    -2     2   281     0  -413     1     0   168    -2     2     0    -3    39   412     2   155     1     4   247   274     0    53 
    0     1    0    -2   225     0     2     1     0    -1     1   178     1     2    -2    -1    -2  -149    -3    -1    -2     2     1   366    -2     4     2    -2    -7    -2    -3  -363    -2    -2  -327    -1    -1  -353    -3 
  304     1    -2    0    -1   -27    -1     0    -1  -160   327    -3    43    -1     1     4     1     2     1    -1     1    -4     2     1     1   200    -1     1     1     1     1     2     1   283    -1     3     3     1     1 
    1    -3   225    -1    0    -2    -3    -3    -2    -1     0     1     0    -1     1    -1    -1  -279    -2    -2     2     0  -106   104    -2     1     2    -2     2    -1    -1  -252     0    -1   -65     0    -1  -250    -1 
    1     3     0   -27    -2    0     1     0    -2    -1   -14    -1  -346     1    -1     6   -88    -1  -241    -2    -1     1     0     1    -2  -276     1    -2     2    -2    -2     1     1    -1    -3    -1     0     3     3 
    1    -1     2    -1    -3     1    0     0     1    -1    -3    -1     2    -6  -414     0    -1    -2    -1     1  -301     2    99     1     1     1   271     6     1    -1    -1    -2     1    -1     1    -3    -2    -1    -1 
    0   331     1     0    -3     0     0    0  -302     0     1     0     1     0     0     1     2     2     3   185     0  -317     1     0    72    -4     2     0     0     2   316     2   155     0     0   247   178     0     3 
    7  -302     0    -1    -2    -2     1  -302    0   -26     2    -1     2    -4    -1     0    -1    -2    -1  -156    -1   288    -2     1   -43     1     1    -2     3    -1  -287     1  -306    -1     1  -377  -149    -1    -1 
 -163     2    -1  -160    -1    -1    -1     0   -26    0  -103     2     1    -1     2     1     0    -1     0    -2     1    -1    -1     1     1     0     0     1     1     2     2     1    76  -289    -2     5    -2     2     2 
  247     5     1   327     0   -14    -3     1     2  -103    0     1    30     1     1     1     1     0    -2     1     2     0     1     0    -4   187     2     0     0     0     0     0     0   226     1     0     1     2     5 
    1     0   178    -3     1    -1    -1     0    -1     2     1    0     1     0    -2    -1     1     1     1     2     0     1     2   271     0     1    -1    -4  -309   161     1   -54     0     1  -316    -1     2   -44    23 
    2     1     1    43     0  -346     2     1     2     1    30     1    0     1     1     1   150     0   303     1     1     0     1     0     0   292     1     0     0     0     0     0     0    -2     1     0     1     1     0 
    1     0     2    -1    -1     1    -6     0    -4    -1     1     0     1    0     6   260  -251     2  -123     0     6     2    -1     0     0     1    -2  -300     0     2    -1    -2     0    -1     0    -3    -2     0    -1 
    1     0    -2     1     1    -1  -414     0    -1     2     1    -2     1     6    0    -1     1     1     3     2   301    -2   -79     0     0     1  -251    -6     0     1     1     2     0     1     2     3     2     0     1 
    0    -1    -1     4    -1     6     0     1     0     1     1    -1     1   260    -1    0  -306     2  -178     1    -2    -1    -1     0     0    -4    -2  -100     0     2     3    -2     0     0     1     1     1    -3     3 
    0    -2    -2     1    -1   -88    -1     2    -1     0     1     1   150  -251     1  -306    0     2   339    -1     1    -1    -1     1     1    18    -2    91     1     2     3    -2     1     1    -1     1     1     1     3 
    2    -2  -149     2  -279    -1    -2     2    -2    -1     0     1     0     2     1     2     2    0    -1    -1     1    -1   252   -28     1     2   115     3     1     1     1   176     1     2    -1     1    -1   174     1 
    0     2    -3     1    -2  -241    -1     3    -1     0    -2     1   303  -123     3  -178   339    -1    0    -1     1    -1    -1     1     1   171     0     1     1     2     2     1     1     1    -2     2     1     2     2 
    1   281    -1    -1    -2    -2     1   185  -156    -2     1     2     1     0     2     1    -1    -1    -1    0     0  -312    -1     0   324     1     1    -2     2   214   313     1     9    -1    -3   101   310     3   228 
    1     0    -2     1     2    -1  -301     0    -1     1     2     0     1     6   301    -2     1     1     1     0    0    -2     1     0     0     1  -138    -6     0     1     1     3     0     1     0     3     2     0     1 
    1  -413     2    -4     0     1     2  -317   288    -1     0     1     0     2    -2    -1    -1    -1    -1  -312    -2    0     1    -2  -199     1     1    -2     0   -70  -443    -2  -141    -2     3  -233  -305     1   -84 
    2     1     1     2  -106     0    99     1    -2    -1     1     2     1    -1   -79    -1    -1   252    -1    -1     1     1    0    -2     0     2   228     0    -2     0     0     3    -2     2    -1     2    -1     1     0 
    1     0   366     1   104     1     1     0     1     1     0   271     0     0     0     0     1   -28     1     0     0    -2    -2    0     0     1    -3     0  -100     1     1  -242     0     3  -420     0     2  -232     1 
    1   168    -2     1    -2    -2     1    72   -43     1    -4     0     0     0     0     0     1     1     1   324     0  -199     0     0    0     1    -3    -2     2   195   200     2     0     1    -3     0   204     3   209 
  107    -2     4   200     1  -276     1    -4     1     0   187     1   292     1     1    -4    18     2   171     1     1     1     2     1     1    0     0     1    -3    -2    -2     0     1    86     2     3     0    -2    -2 
    0     2     2    -1     2     1   271     2     1     0     2    -1     1    -2  -251    -2    -2   115     0     1  -138     1   228    -3    -3     0    0     1     1    -1    -1    -1    -3    -1     1    -2    -1    -1    -1 
    1     0    -2     1    -2    -2     6     0    -2     1     0    -4     0  -300    -6  -100    91     3     1    -2    -6    -2     0     0    -2     1     1    0     2     1     1     2     0     1     0     3     2     0     1 
    3    -3    -7     1     2     2     1     0     3     1     0  -309     0     0     0     0     1     1     1     2     0     0    -2  -100     2    -3     1     2    0  -141     1     1     0    -3   145     0     0    -3    -3 
    1    39    -2     1    -1    -2    -1     2    -1     2     0   161     0     2     1     2     2     1     2   214     1   -70     0     1   195    -2    -1     1  -141    0    71    -1     1     1    -1     1    75     1   291 
    1   412    -3     1    -1    -2    -1   316  -287     2     0     1     0    -1     1     3     3     1     2   313     1  -443     0     1   200    -2    -1     1     1    71    0    -1   140     1    -2   232   306     2    85 
    0     2  -363     2  -252     1    -2     2     1     1     0   -54     0    -2     2    -2    -2   176     1     1     3    -2     3  -242     2     0    -1     2     1    -1    -1    0     2     2   203    -1     1   378    -1 
    1   155    -2     1     0     1     1   155  -306    76     0     0     0     0     0     0     1     1     1     9     0  -141    -2     0     0     1    -3     0     0     1   140     2    0     3     0   285     2     0     1 
  286     1    -2   283    -1    -1    -1     0    -1  -289   226     1    -2    -1     1     0     1     2     1    -1     1    -2     2     3     1    86    -1     1    -3     1     1     2     3    0    -1     3     2     1     1 
    1     4  -327    -1   -65    -3     1     0     1    -2     1  -316     1     0     2     1    -1    -1    -2    -3     0     3    -1  -420    -3     2     1     0   145    -1    -2   203     0    -1    0     1    -2   193     4 
    3   247    -1     3     0    -1    -3   247  -377     5     0    -1     0    -3     3     1     1     1     2   101     3  -233     2     0     0     3    -2     3     0     1   232    -1   285     3     1    0    94    -2     1 
    0   274    -1     3    -1     0    -2   178  -149    -2     1     2     1    -2     2     1     1    -1     1   310     2  -305    -1     2   204     0    -1     2     0    75   306     1     2     2    -2    94    0    -1    89 
    1     0  -353     1  -250     3    -1     0    -1     2     2   -44     1     0     0    -3     1   174     2     3     0     1     1  -232     3    -2    -1     0    -3     1     2   378     0     1   193    -2    -1    0     2 
    1    53    -3     1    -1     3    -1     3    -1     2     5    23     0    -1     1     3     3     1     2   228     1   -84     0     1   209    -2    -1     1    -3   291    85    -1     1     1     4     1    89     2    0 
