20

2
4
1
7
4
3
5
2
4
7
2
9
8
6
1
4
9
7
8
2

3
5
6
8
10
15
16
20
25
29
30
36
49
59
80
81
89
97
100
105

15.000000
20.000000
16.000000
19.000000
10.000000
25.000000
17.000000
18.000000
21.000000
17.000000
31.000000
2.000000
26.000000
42.000000
50.000000
19.000000
17.000000
21.000000
22.000000
13.000000


00001111111111111111 70.000000

01001110111011111111 70.000000

01101101101011111111 70.000000

01101101111011110111 70.000000

01101101111111101111 70.000000

10001111111011111110 70.000000

10100111011111111111 70.000000

10100111111011101111 70.000000

10100111111111111011 70.000000
)
