100

3
6
9
12
15
3
6
9
12
15
3
6
9
12
15
3
6
9
12
15
3
6
9
12
15
3
6
9
12
15
3
6
9
12
15
3
6
9
12
15
3
6
9
12
15
3
6
9
12
15
3
6
9
12
15
3
6
9
12
15
3
6
9
12
15
3
6
9
12
15
3
6
9
12
15
3
6
9
12
15
3
6
9
12
15
3
6
9
12
15
3
6
9
12
15
3
6
9
12
15

5
10
15
20
25
29
34
39
44
49
53
58
63
68
73
77
82
87
92
97
101
106
111
116
121
125
130
135
140
145
149
154
159
164
169
173
178
183
188
193
197
202
207
212
217
221
226
231
236
241
245
250
255
260
265
269
274
279
284
289
293
298
303
308
313
317
322
327
332
337
341
346
351
356
361
365
370
375
380
385
389
394
399
404
409
413
418
423
428
433
437
442
447
452
457
461
466
471
476
481

60.000000
40.000000
7.000000
3.000000
50.000000
120.000000
80.000000
7.000000
3.000000
100.000000
180.000000
120.000000
7.000000
3.000000
150.000000
240.000000
160.000000
7.000000
3.000000
200.000000
300.000000
200.000000
7.000000
3.000000
250.000000
360.000000
240.000000
7.000000
3.000000
300.000000
420.000000
280.000000
7.000000
3.000000
350.000000
480.000000
320.000000
7.000000
3.000000
400.000000
540.000000
360.000000
7.000000
3.000000
450.000000
600.000000
400.000000
7.000000
3.000000
500.000000
660.000000
440.000000
7.000000
3.000000
550.000000
720.000000
480.000000
7.000000
3.000000
600.000000
780.000000
520.000000
7.000000
3.000000
650.000000
840.000000
560.000000
7.000000
3.000000
700.000000
900.000000
600.000000
7.000000
3.000000
750.000000
960.000000
640.000000
7.000000
3.000000
800.000000
1020.000000
680.000000
7.000000
3.000000
850.000000
1080.000000
720.000000
7.000000
3.000000
900.000000
1140.000000
760.000000
7.000000
3.000000
950.000000
1200.000000
800.000000
7.000000
3.000000
1000.000000

200
)
